6.402001925998265
5.921779879023369
3.776044505931713
5.906733109085648
2.5117307891038365
5.456266981336806
4.337071650752315
4.525858071624918
4.641782143890544
8.394859446046214
7.054230667679397
5.482314073350693
6.332067123170884
5.394557079819775
5.9304633517795144
4.720734929160467
4.778018578800154
3.5295342610677087
4.571630079158401
3.483464634486607
3.9660322188120034
5.896528516423537
5.65678781467014
4.00737908063616
6.187648578300678
6.107905436197917
3.6487317915013224
5.39121771401703
3.9816747866030093
5.628077311667644
5.286173562024638
3.8130057146990746
5.406810872395833
5.9335168857473555
5.505917950665509
7.7898381257233815
6.054718295304232
4.033419478804977
5.527851305441883
4.513366801697531
4.271752859933037
4.6898277271412026
2.8810105613425923
4.025430664062499
5.2306796875
3.177243182146991
5.374672019675927
3.3336337244750327
6.848103147045854
2.1972489149305563
4.158675070787864
4.170894589378721
5.532087791160301
3.3293634982638896
5.261228009259259
3.1668943323206022
4.944273347077547
6.1535650077160495
7.467965224816057
6.832332351603836
7.8011389625186025
4.314616396949404
4.915794216579861
4.120068386501735
3.352387179904515
4.2202918083285095
7.992863531849372
3.347290356832838
3.6581757993344897
3.8934789858217593
7.276225391313931
4.759148421999009
3.375812108599951
5.348941083312667
4.66168825954861
3.386027144820602
4.528890679253472
3.932835555142196
2.8760224066840276
5.137916151258681
3.985097857762897
3.460079432250331
3.693086100260417
2.3890205801504627
2.679966254340279
3.1406171177455358
2.1516700329654443
3.234078667534723
3.7747761217551243
1.7167331245866402
2.92747873263889
3.269928522342097
2.0734123625578698
4.1167788176359945
2.6417507866753476
0.9984220377604165
2.5277567816840283
2.209364067925348
2.7847966218171294
2.127227285879629
2.9529043511284723
2.54929269748264
2.676560492621527
3.9714639601934527
3.2768481445312503
3.565679861886162
2.95912917751736
3.8864501410590275
2.860572880497685
4.181992169415509
3.156037760416667
1.8004340549045148
2.362817366019758
2.4845655950314143
1.3202261375144673
2.478762731481481
4.0854352084366745
4.411602681154928
2.7437554356812175
2.493354383680556
5.035971101844963
1.5961420355902776
3.552416631789435
2.495716715494792
3.198597077546295
2.498172815393519
2.2919779730902783
2.4603449048239088
3.3857011692915013
2.251235553075398
1.8709908363301915
3.9006665400752323
2.5456978469122027
4.830539791046626
2.4864617513020835
1.158430537471065
2.026915852864584
3.1158472273892204
5.258364330150461
3.042775739397322
6.072516122323496
2.4784261338975693
2.997407389322917
2.177946605541088
3.991041196469908
1.425971124235284
2.6803378906250015
2.5610812536168974
1.2140661440248843
1.536154619812335
2.681578357514882
1.5707146125268692
3.363123145047949
3.0342305772569436
5.75613079866278
3.287075041594328
6.099024594907406
3.82412283244461
2.964462601273148
1.5578203667534722
4.165925378224206
2.520275408709491
3.205493179563492
1.938661535838295
3.321032063802083
3.660786909153853
4.9244125072337965
2.0735285450768846
2.648260751229747
2.851280079244516
3.35625025318287
2.228319390190972
3.247403501157409
1.8481720196759257
2.130271753058862
3.2834627976190496
2.950622798859127
3.3305907505580357
3.1491954933449082
2.3286553457754637
3.4655506546585646
5.4905049159674
3.189897352430557
2.545334617332176
3.651879134889634
2.2442638398024144
1.8199604802207336
3.5251990103477744
3.0919627821180558
3.6409363064236118
3.290937781170773
2.987425848420965
6.552419344463043
1.3374235749421297
4.086769284525876
3.7170376519097226
5.331555364376654
3.721472423735119
3.201588394407241
3.970688557942708
3.1948592393663193
3.1484909732556225
3.9814154033358147
2.7487438331886582
2.891129487537203
3.3578990342881956
4.74099242001488
4.599951040116569
2.803190809461806
1.0170232385706015
3.6660005942046956
1.9651197684151787
2.0993187520667984
2.919448314525464
3.512181459780093
2.6981384548611107
3.661337939711476
3.516342238653274
2.410672867063492
2.5768594266699734
2.6278455894510575
2.5183014994626336
3.5916759620949077
3.7201062670510914
3.784992926380623
4.194199932656801
3.6550412860311945
3.227243621341766
4.555252183056382
3.8115349934895835
1.8833306025752319
4.027446361400464
4.218095594618055
3.840332736545139
4.206493112823109
1.0539851526331017
2.8137362829137733
1.7594299587673612
2.6749580775669646
3.504771716889881
2.131196325231482
2.8080985527240414
5.239648916739006
2.633406557436343
2.6576027379918976
2.6356206265673223
2.080999996124752
1.5397086278521823
3.9094314959490735
3.83612962962963
2.7580650964161713
3.806898343202299
3.7008298146081353
4.9328434752879735
2.152372938368055
3.705251085069446
5.055236617476851
2.660360857928241
2.787286404079861
2.7425903591579868
4.58021385039476
5.843151656539353
4.70644827835648
4.27007019495081
2.111893500434028
2.3896536639178243
4.570965757016783
4.045710030691964
4.1315694444444455
3.3523273396164015
3.880119060536541
5.818956330260693
2.780281764116237
4.847970850384424
3.8055438600570435
3.869227425388557
6.033455280068479
4.889303729021991
3.2901065008577217
3.7194046533978184
3.6414513268849213
3.974005218667328
5.876476442797895
4.614167384879298
5.067689500919724
6.045906570353836
5.8029696296813
5.368199117562967
4.671612048490547
5.348348687065974
4.303115616732804
6.4560769650090934
4.9453336472284235
5.562377892226769
5.10808778814622
2.511060859478339
6.332174725890791
5.101968879174936
5.643980227623455
6.345473963500329
4.861047544126158
6.5448284440620865
5.367038894572586
6.652199973131613
5.160561369719329
5.323976412657076
4.291810336319859
4.715040695506029
5.660492035073578
4.843239301731977
5.0880397738233025
1.634475230275849
4.404890073423032
3.360606794084822
5.04216635320216
7.300333621393435
3.7066716864045963
4.589313578610698
3.788325508777006
3.2891025390625006
3.4178779994419646
6.832292307374337
3.8011361292817187
6.102040765025627
3.8269887424045126
4.117978010981592
3.634836281105324
2.839782118055555
3.6582521417204035
5.846403657028495
3.604403697503307
5.4001271029679225
5.524080592241236
3.786136605076057
4.715498015873016
4.994765813595403
4.15597937334656
6.884317156756366
4.050908030030588
4.161400457795967
5.111642111803488
5.046212004484953
3.5722676866319443
8.936373912347056
3.909210296792329
3.747230215136546
5.10974249751984
5.18526892843364
4.452634409963348
2.634826334635417
3.927009214048032
3.9731726539248515
3.3471206855572087
5.685027694244653
2.770580080708499
3.949780009920635
5.545799322864997
3.070761121961805
7.758596565152391
5.513547138516865
5.940082686166916
6.0016338639839635
6.050167685426312
2.300373191981509
4.6914905960648134
3.822347260974703
3.927713551139495
5.54247029105696
3.2702015012710817
3.4582063169126154
7.329186597497795
4.977335918984926
4.863910714285713
3.6919725507571375
3.5203694932725695
4.463044777199074
2.744355812355325
4.584255543248707
5.412222462487599
3.8342812784184854
5.019553127066798
4.613922372323496
5.318207492404514
2.6997338867187497
1.6106123589409727
3.8604335937500007
2.5690219726562504
2.8654742476851847
4.849880206611001
2.9739119466145834
3.6106830873842597
3.0198933609250993
4.889003173828125
2.915971668061756
4.807409339864418
4.344910954551093
3.85049787808642
3.799302191840278
4.840283520895337
2.9469195601851847
2.5830311234085648
3.254417454633765
5.269571353649967
2.9635933986441803
3.164503565228174
6.150532550791583
4.813332901889054
3.105704933449074
3.7799387400793645
3.534211136429398
3.4810929181134265
4.764163574218751
2.392393174913194
5.315143518518517
3.396814624927662
3.1346622798859127
4.281868290653936
6.326734545080331
3.707480418371777
4.5197706705729175
5.823346265035964
6.208658267712467
5.304236028439154
5.6602535135581995
4.509670600904569
4.082568967788939
3.895531262917495
4.530039173590443
4.543697506751543
3.687192347504685
3.8147622173652453
4.328271446914269
5.086999312789351
3.7699311381345075
3.6228312264901623
3.8512688802083326
4.224954657014716
4.492379222728587
5.51185733877246
1.4379435492621533
5.083737839471727
5.160923091827876
5.348474148220485
2.615339324466765
3.9048987604373346
6.645542167865409
5.547275178778109
6.200582573784723
3.911896475332755
7.15644117373512
4.688834436487268
4.799915966538524
4.1058192933097715
5.615564266956518
2.0713638160342263
3.5686629309275792
5.109059441998732
4.367645817832342
4.562811629360946
5.259872827277613
2.882791116381448
2.4326076750578713
3.173496043371776
6.610742569857805
2.824638337311922
3.249594030309607
4.107056240182705
4.055080186631945
2.3776407180059524
3.1077005027488434
2.393174678096065
3.5462910466269846
2.9668974971064817
3.2392943491994592
2.8257457540199242
3.564377617084161
2.630452437789352
4.585019836102845
5.483997287326388
4.582670680131863
5.623954732797342
3.648128056278935
2.7139840675636577
4.010106512483465
4.434159746334877
2.9736746578586586
2.730497101314484
5.045334183304397
4.160376681857638
5.548055266203702
2.6354309353298624
3.1269730127728175
2.135169759114584
5.232927137586805
4.325525336371529
6.661696214571622
2.3730409060611697
3.2856163147080295
5.4279646542934294
