1 0.000 -1 -1
2 0.024 2 1
2 0.028 1 1
2 0.030 0 1
2 0.462 0 1
2 0.466 2 1
2 0.496 1 1
2 0.867 0 1
2 0.909 1 1
2 0.917 2 1
2 1.289 0 1
2 1.379 2 1
2 1.405 1 1
2 1.755 0 1
2 1.818 2 1
2 1.848 1 1
2 2.199 0 1
2 2.265 2 1
2 2.310 1 1
2 2.651 0 1
2 2.746 2 1
2 2.779 1 1
2 3.142 0 1
2 3.204 2 1
2 3.214 1 1
2 3.598 0 1
2 3.664 2 1
2 3.678 1 1
2 4.070 0 1
2 4.108 2 1
2 4.145 1 1
2 4.516 0 1
2 4.589 2 1
2 4.604 1 1
2 4.947 0 1
2 5.025 2 1
2 5.050 1 1
2 5.368 0 1
2 5.443 2 1
2 5.507 1 1
2 5.809 0 1
2 5.927 2 1
2 5.930 1 1
2 6.288 0 1
2 6.389 2 1
2 6.400 1 1
2 6.759 0 1
2 6.844 2 1
2 6.852 1 1
2 7.212 0 1
2 7.289 1 1
2 7.294 2 1
2 7.664 0 1
2 7.744 2 1
2 7.750 1 1
2 8.124 0 1
2 8.176 2 1
2 8.191 1 1
2 8.600 2 1
2 8.613 0 1
2 8.658 1 1
2 9.039 2 1
2 9.061 0 1
2 9.111 1 1
2 9.480 2 1
2 9.497 0 1
2 9.578 1 1
2 9.930 0 1
2 9.959 2 1
1 10.000 -1 -1
2 10.012 1 1
2 10.375 0 1
2 10.426 2 1
2 10.455 1 1
2 10.852 0 1
2 10.868 2 1
2 10.918 1 1
2 11.284 0 1
2 11.322 2 1
2 11.402 1 1
2 11.761 0 1
2 11.773 2 1
2 11.872 1 1
2 12.214 0 1
2 12.231 2 1
2 12.281 1 1
2 12.683 0 1
2 12.683 2 1
2 12.728 1 1
2 13.130 0 1
2 13.149 2 1
2 13.165 1 1
2 13.598 1 1
2 13.599 0 1
2 13.605 2 1
2 14.026 1 1
2 14.030 0 1
2 14.093 2 1
2 14.444 0 1
2 14.461 1 1
2 14.522 2 1
2 14.868 0 1
2 14.935 1 1
2 14.946 2 1
2 15.320 0 1
2 15.359 1 1
2 15.434 2 1
2 15.747 0 1
2 15.762 1 1
2 15.864 2 1
2 16.194 1 1
2 16.241 0 1
2 16.328 2 1
2 16.673 1 1
2 16.708 0 1
2 16.760 2 1
2 17.122 1 1
2 17.187 0 1
2 17.245 2 1
2 17.580 1 1
2 17.582 0 1
2 17.731 2 1
2 18.020 1 1
2 18.031 0 1
2 18.204 2 1
2 18.450 1 1
2 18.494 0 1
2 18.657 2 1
2 18.907 1 1
2 18.930 0 1
2 19.087 2 1
2 19.333 0 1
2 19.372 1 1
2 19.542 2 1
2 19.783 0 1
2 19.813 1 1
1 20.000 -1 -1
2 20.020 2 1
2 20.249 1 1
2 20.272 0 1
2 20.474 2 1
2 20.676 0 1
2 20.705 1 1
2 20.933 2 1
2 21.115 0 1
2 21.153 1 1
2 21.399 2 1
2 21.548 0 1
2 21.588 1 1
2 21.824 2 1
2 21.986 0 1
2 22.063 1 1
2 22.279 2 1
2 22.462 0 1
2 22.502 1 1
2 22.741 2 1
2 22.923 0 1
2 22.955 1 1
2 23.204 2 1
2 23.377 1 1
2 23.385 0 1
2 23.681 2 1
2 23.825 1 1
2 23.834 0 1
2 24.146 2 1
2 24.290 1 1
2 24.316 0 1
2 24.609 2 1
2 24.733 1 1
2 24.786 0 1
2 25.014 2 1
2 25.030 1 1
2 25.032 2 1
2 25.032 0 1
2 25.446 2 1
2 25.469 1 1
2 25.507 0 1
2 25.903 2 1
2 25.914 0 1
2 25.968 1 1
2 26.375 2 1
2 26.388 0 1
2 26.420 1 1
2 26.839 2 1
2 26.851 1 1
2 26.858 0 1
2 27.274 2 1
2 27.293 1 1
2 27.374 0 1
2 27.710 1 1
2 27.755 2 1
2 27.820 0 1
2 28.163 2 1
2 28.176 1 1
2 28.292 0 1
2 28.610 2 1
2 28.618 1 1
2 28.712 0 1
2 29.033 1 1
2 29.052 2 1
2 29.139 0 1
2 29.497 1 1
2 29.503 2 1
2 29.594 0 1
2 29.936 1 1
2 29.962 2 1
1 30.000 -1 -1
2 30.050 0 1
2 30.399 1 1
2 30.419 2 1
2 30.489 0 1
2 30.864 2 1
2 30.888 1 1
2 30.931 0 1
2 31.292 2 1
2 31.336 1 1
2 31.376 0 1
2 31.740 2 1
2 31.800 1 1
2 31.855 0 1
2 32.169 2 1
2 32.216 1 1
2 32.309 0 1
2 32.631 2 1
2 32.703 1 1
2 32.789 0 1
2 33.087 2 1
2 33.164 1 1
2 33.230 0 1
2 33.542 2 1
2 33.626 1 1
2 33.663 0 1
2 33.981 2 1
2 34.070 1 1
2 34.139 0 1
2 34.422 2 1
2 34.528 1 1
2 34.638 0 1
2 34.882 2 1
2 35.021 1 1
2 35.095 0 1
2 35.364 2 1
2 35.445 1 1
2 35.554 0 1
2 35.831 2 1
2 35.891 1 1
2 35.995 0 1
2 36.270 2 1
2 36.324 1 1
2 36.486 0 1
2 36.737 2 1
2 36.818 1 1
2 36.905 0 1
2 37.188 2 1
2 37.283 1 1
2 37.352 0 1
2 37.649 2 1
2 37.691 1 1
2 37.782 0 1
2 38.091 2 1
2 38.136 1 1
2 38.231 0 1
2 38.531 2 1
2 38.570 1 1
2 38.650 0 1
2 38.995 2 1
2 39.037 1 1
2 39.062 0 1
2 39.451 2 1
2 39.472 1 1
2 39.508 0 1
2 39.896 2 1
2 39.923 1 1
2 39.959 0 1
1 40.000 -1 -1
2 40.322 2 1
2 40.357 1 1
2 40.424 0 1
2 40.756 2 1
2 40.792 1 1
2 40.884 0 1
2 41.210 2 1
2 41.231 1 1
2 41.333 0 1
2 41.642 2 1
2 41.692 1 1
2 41.780 0 1
2 42.084 2 1
2 42.139 1 1
2 42.254 0 1
2 42.505 2 1
2 42.570 1 1
2 42.680 0 1
2 42.952 2 1
2 43.023 1 1
2 43.124 0 1
2 43.409 2 1
2 43.435 1 1
2 43.553 0 1
2 43.838 2 1
2 43.869 1 1
2 44.006 0 1
2 44.298 2 1
2 44.329 1 1
2 44.447 0 1
2 44.781 2 1
2 44.790 1 1
2 44.880 0 1
2 45.231 1 1
2 45.236 2 1
2 45.347 0 1
2 45.693 1 1
2 45.706 2 1
2 45.744 0 1
2 46.157 2 1
2 46.173 1 1
2 46.181 0 1
2 46.617 2 1
2 46.625 1 1
2 46.650 0 1
2 47.076 1 1
2 47.082 2 1
2 47.096 0 1
2 47.496 2 1
2 47.523 1 1
2 47.530 0 1
2 47.959 2 1
2 47.986 1 1
2 47.999 0 1
2 48.417 2 1
2 48.442 0 1
2 48.451 1 1
2 48.847 2 1
2 48.908 1 1
2 48.922 0 1
2 49.303 2 1
2 49.352 1 1
2 49.374 0 1
2 49.759 2 1
2 49.781 1 1
2 49.830 0 1
1 50.000 -1 -1
2 50.032 0 1
2 50.032 2 1
2 50.036 1 1
2 50.434 0 1
2 50.482 2 1
2 50.495 1 1
2 50.859 0 1
2 50.930 1 1
2 50.959 2 1
2 51.296 0 1
2 51.373 1 1
2 51.421 2 1
2 51.758 0 1
2 51.825 1 1
2 51.886 2 1
2 52.174 0 1
2 52.305 1 1
2 52.394 2 1
2 52.626 0 1
2 52.790 1 1
2 52.822 2 1
2 53.073 0 1
2 53.214 1 1
2 53.290 2 1
2 53.527 0 1
2 53.653 1 1
2 53.734 2 1
2 53.954 0 1
2 54.097 1 1
2 54.140 2 1
2 54.369 0 1
2 54.535 1 1
2 54.580 2 1
2 54.855 0 1
2 54.966 1 1
2 55.018 2 1
2 55.303 0 1
2 55.380 1 1
2 55.453 2 1
2 55.729 0 1
2 55.842 1 1
2 55.880 2 1
2 56.138 0 1
2 56.280 1 1
2 56.312 2 1
2 56.558 0 1
2 56.734 1 1
2 56.793 2 1
2 56.998 0 1
2 57.164 1 1
2 57.258 2 1
2 57.481 0 1
2 57.635 1 1
2 57.738 2 1
2 57.955 0 1
2 58.079 1 1
2 58.238 2 1
2 58.365 0 1
2 58.542 1 1
2 58.706 2 1
2 58.799 0 1
2 58.980 1 1
2 59.170 2 1
2 59.252 0 1
2 59.418 1 1
2 59.644 2 1
2 59.708 0 1
2 59.871 1 1
1 60.000 -1 -1
2 60.093 2 1
2 60.195 0 1
2 60.304 1 1
2 60.563 2 1
2 60.646 0 1
2 60.738 1 1
2 60.992 2 1
2 61.109 0 1
2 61.212 1 1
2 61.470 2 1
2 61.574 0 1
2 61.620 1 1
2 61.894 2 1
2 62.005 0 1
2 62.056 1 1
2 62.319 2 1
2 62.475 0 1
2 62.502 1 1
2 62.765 2 1
2 62.902 0 1
2 62.952 1 1
2 63.185 2 1
2 63.362 0 1
2 63.418 1 1
2 63.615 2 1
2 63.767 0 1
2 63.862 1 1
2 64.094 2 1
2 64.184 0 1
2 64.306 1 1
2 64.574 2 1
2 64.634 0 1
2 64.756 1 1
2 65.002 2 1
2 65.115 0 1
2 65.208 1 1
2 65.436 2 1
2 65.554 0 1
2 65.654 1 1
2 65.928 2 1
2 66.025 0 1
2 66.129 1 1
2 66.372 2 1
2 66.469 0 1
2 66.584 1 1
2 66.830 2 1
2 66.928 0 1
2 66.988 1 1
2 67.286 2 1
2 67.369 0 1
2 67.421 1 1
2 67.728 2 1
2 67.838 0 1
2 67.842 1 1
2 68.174 2 1
2 68.305 0 1
2 68.317 1 1
2 68.598 2 1
2 68.747 0 1
2 68.781 1 1
2 69.018 2 1
2 69.200 0 1
2 69.251 1 1
2 69.470 2 1
2 69.643 0 1
2 69.706 1 1
2 69.922 2 1
1 70.000 -1 -1
2 70.120 0 1
2 70.161 1 1
2 70.364 2 1
2 70.600 0 1
2 70.600 1 1
2 70.787 2 1
2 71.041 1 1
2 71.045 0 1
2 71.198 2 1
2 71.484 0 1
2 71.530 1 1
2 71.644 2 1
2 71.918 0 1
2 72.023 1 1
2 72.076 2 1
2 72.331 0 1
2 72.463 1 1
2 72.528 2 1
2 72.725 0 1
2 72.897 1 1
2 72.988 2 1
2 73.219 0 1
2 73.353 1 1
2 73.436 2 1
2 73.679 0 1
2 73.799 1 1
2 73.868 2 1
2 74.148 0 1
2 74.260 1 1
2 74.280 2 1
2 74.603 0 1
2 74.705 1 1
2 74.766 2 1
2 75.026 0 1
2 75.028 1 1
2 75.034 2 1
2 75.467 0 1
2 75.474 2 1
2 75.537 1 1
2 75.870 2 1
2 75.913 0 1
2 75.959 1 1
2 76.301 2 1
2 76.359 0 1
2 76.484 1 1
2 76.763 2 1
2 76.850 0 1
2 76.974 1 1
2 77.216 2 1
2 77.327 0 1
2 77.438 1 1
2 77.654 2 1
2 77.771 0 1
2 77.902 1 1
2 78.121 2 1
2 78.203 0 1
2 78.318 1 1
2 78.544 2 1
2 78.638 0 1
2 78.769 1 1
2 79.006 2 1
2 79.076 0 1
2 79.241 1 1
2 79.438 2 1
2 79.493 0 1
2 79.654 1 1
2 79.909 2 1
2 79.937 0 1
1 80.000 -1 -1
2 80.091 1 1
2 80.374 2 1
2 80.422 0 1
2 80.561 1 1
2 80.804 2 1
2 80.873 0 1
2 81.010 1 1
2 81.233 2 1
2 81.337 0 1
2 81.459 1 1
2 81.679 2 1
2 81.803 0 1
2 81.912 1 1
2 82.150 2 1
2 82.251 0 1
2 82.362 1 1
2 82.611 2 1
2 82.696 0 1
2 82.798 1 1
2 83.087 2 1
2 83.171 0 1
2 83.251 1 1
2 83.502 2 1
2 83.612 0 1
2 83.691 1 1
2 83.954 2 1
2 84.070 0 1
2 84.135 1 1
2 84.409 2 1
2 84.550 0 1
2 84.578 1 1
2 84.852 2 1
2 85.022 0 1
2 85.037 1 1
2 85.328 2 1
2 85.467 0 1
2 85.498 1 1
2 85.790 2 1
2 85.898 0 1
2 85.994 1 1
2 86.209 2 1
2 86.344 0 1
2 86.418 1 1
2 86.660 2 1
2 86.810 0 1
2 86.848 1 1
2 87.137 2 1
2 87.279 0 1
2 87.314 1 1
2 87.577 2 1
2 87.752 1 1
2 87.762 0 1
2 88.042 2 1
2 88.218 1 1
2 88.234 0 1
2 88.487 2 1
2 88.675 1 1
2 88.696 0 1
2 88.934 2 1
2 89.128 1 1
2 89.134 0 1
2 89.401 2 1
2 89.570 1 1
2 89.595 0 1
2 89.877 2 1
1 90.000 -1 -1
2 90.020 1 1
2 90.024 0 1
2 90.279 2 1
2 90.449 0 1
2 90.466 1 1
2 90.738 2 1
2 90.895 0 1
2 90.908 1 1
2 91.177 2 1
2 91.355 0 1
2 91.367 1 1
2 91.632 2 1
2 91.813 1 1
2 91.838 0 1
2 92.063 2 1
2 92.245 0 1
2 92.246 1 1
2 92.481 2 1
2 92.701 0 1
2 92.706 1 1
2 92.941 2 1
2 93.156 0 1
2 93.163 1 1
2 93.365 2 1
2 93.579 1 1
2 93.581 0 1
2 93.809 2 1
2 94.052 1 1
2 94.057 0 1
2 94.290 2 1
2 94.501 1 1
2 94.541 0 1
2 94.730 2 1
2 94.976 1 1
2 95.013 0 1
2 95.163 2 1
2 95.442 1 1
2 95.472 0 1
2 95.619 2 1
2 95.878 1 1
2 95.921 0 1
2 96.015 2 1
2 96.330 1 1
2 96.395 0 1
2 96.461 2 1
2 96.764 1 1
2 96.840 0 1
2 96.888 2 1
2 97.230 1 1
2 97.331 0 1
2 97.355 2 1
2 97.697 1 1
2 97.762 0 1
2 97.855 2 1
2 98.143 1 1
2 98.218 0 1
2 98.300 2 1
2 98.582 1 1
2 98.663 0 1
2 98.756 2 1
2 99.008 1 1
2 99.111 0 1
2 99.178 2 1
2 99.449 1 1
2 99.561 0 1
2 99.638 2 1
2 99.942 1 1
1 100.000 -1 -1
2 100.015 0 1
1 110.000 -1 -1
1 120.000 -1 -1
1 130.000 -1 -1
1 140.000 -1 -1
1 150.000 -1 -1
1 160.000 -1 -1
1 170.000 -1 -1
1 180.000 -1 -1
1 190.000 -1 -1
1 200.000 -1 -1
1 210.000 -1 -1
1 220.000 -1 -1
1 230.000 -1 -1
1 240.000 -1 -1
1 250.000 -1 -1
1 260.000 -1 -1
1 270.000 -1 -1
1 280.000 -1 -1
1 290.000 -1 -1
1 300.000 -1 -1
1 310.000 -1 -1
1 320.000 -1 -1
1 330.000 -1 -1
1 340.000 -1 -1
1 350.000 -1 -1
1 360.000 -1 -1
1 370.000 -1 -1
1 380.000 -1 -1
1 390.000 -1 -1
1 400.000 -1 -1
1 410.000 -1 -1
1 420.000 -1 -1
1 430.000 -1 -1
1 440.000 -1 -1
1 450.000 -1 -1
1 460.000 -1 -1
1 470.000 -1 -1
1 480.000 -1 -1
1 490.000 -1 -1
1 500.000 -1 -1
1 510.000 -1 -1
1 520.000 -1 -1
1 530.000 -1 -1
1 540.000 -1 -1
1 550.000 -1 -1
1 560.000 -1 -1
1 570.000 -1 -1
1 580.000 -1 -1
1 590.000 -1 -1
1 600.000 -1 -1
1 610.000 -1 -1
1 620.000 -1 -1
1 630.000 -1 -1
1 640.000 -1 -1
1 650.000 -1 -1
1 660.000 -1 -1
1 670.000 -1 -1
1 680.000 -1 -1
1 690.000 -1 -1
1 700.000 -1 -1
1 710.000 -1 -1
1 720.000 -1 -1
1 730.000 -1 -1
1 740.000 -1 -1
1 750.000 -1 -1
1 760.000 -1 -1
1 770.000 -1 -1
1 780.000 -1 -1
1 790.000 -1 -1
1 800.000 -1 -1
1 810.000 -1 -1
1 820.000 -1 -1
1 830.000 -1 -1
1 840.000 -1 -1
1 850.000 -1 -1
1 860.000 -1 -1
1 870.000 -1 -1
1 880.000 -1 -1
1 890.000 -1 -1
1 900.000 -1 -1
1 910.000 -1 -1
1 920.000 -1 -1
1 930.000 -1 -1
1 940.000 -1 -1
1 950.000 -1 -1
1 960.000 -1 -1
1 970.000 -1 -1
1 980.000 -1 -1
1 990.000 -1 -1
1 1000.000 -1 -1
1 1010.000 -1 -1
1 1020.000 -1 -1
1 1030.000 -1 -1
1 1040.000 -1 -1
1 1050.000 -1 -1
1 1060.000 -1 -1
1 1070.000 -1 -1
1 1080.000 -1 -1
1 1090.000 -1 -1
1 1100.000 -1 -1
