5.19686983644731
3.1183206728980664
3.4541388888888895
2.026411295572917
3.47668062531002
6.379035783805317
4.676922182436342
4.4757328688202715
6.13338865809634
3.946439136646412
4.364540881283067
6.547043697296627
9.210633610801093
3.6047444411720133
2.823879575376157
5.0268267867476855
4.326686631944445
5.927967078476357
4.587545789930556
6.132000759548613
2.940390542328044
2.8447770001446764
4.503190637659144
3.4416880967881944
2.7740490412636416
3.0836146995907736
4.446561907087053
6.508673381179729
3.3485191333912043
5.552090109850365
5.652236551167054
2.782543484157986
4.639931939019096
1.9677771809895832
3.7477771659191745
2.8967088758680557
3.1443583441840284
1.769152180989583
3.782988850911459
3.8830433304398144
2.4868177445023147
1.7485100549768515
2.0694740720072757
3.277005887793485
4.851010355954448
3.466931857638889
2.9274039106419476
3.636357025660248
3.088561104910714
5.034447526558368
1.9939609646267362
3.6609546169704865
4.079297515707673
4.273326985677084
1.984912914134837
4.578400783316799
1.6404718812003967
4.684397858796296
5.308103009259259
5.834430862991898
3.2848709619915675
5.791025792359044
3.5345170265480323
3.1580139431423615
4.143762912326388
2.5101489709924767
3.0967532190393516
5.095058666087963
3.2056643156828715
3.346090160228589
5.6120436559606475
5.281561306423611
5.56368478732639
2.418623996310764
4.991408311631946
5.635824197651427
4.629878789992558
5.600814783812832
3.0322520616319446
3.827188087745949
4.593665211687185
2.8965029387297463
3.126170491536459
3.8275584762008106
3.238485007957175
6.381016059027779
5.309927928137402
3.9167509946469914
4.254779951791914
4.687405983899637
4.087831651475693
4.525503712487598
2.7156815321180554
4.262219609874476
2.680516022858797
4.018200186270254
3.279563422309028
4.947569342396246
1.734620171440972
3.302895507812499
3.853120279947916
4.192215485749421
6.352661159939235
3.0216627604166675
7.155064588758681
6.350544596354165
8.143899148823301
5.339362277560763
6.370771421079281
5.603405336733218
4.129136727792247
3.611977936921296
2.9424110966435184
6.551470199342759
6.277532081886572
4.334852554563492
3.528530345775464
7.1021145562065975
4.92781209309896
6.1315995099103
4.206968659577545
3.906607260406332
4.711269797350365
5.027969373914931
4.2351786566840275
5.602859486521027
5.301155852141203
5.73849331778067
5.792783518742422
5.695475771949406
6.048282678674768
5.438831723813657
6.277583622685186
4.887542041273974
4.5399455325279705
6.427645788122106
4.956512478298612
3.9741358661954362
4.280006637008103
2.250032136140047
3.8261929899346905
5.955191664599867
5.023603678385417
4.706520099619707
2.7815179036458324
5.166381184895833
5.85670118995949
5.518565672966959
5.869041187427661
6.5185250366856815
4.343858308015046
4.051922860604745
6.912165388695988
4.329811622902199
3.8837185601128468
5.719884732039517
8.22419894877439
5.898505419319059
5.671525393639083
6.5710912452980335
3.9934033538979827
3.4014560546875012
5.525865143952547
1.9696743706597222
6.467650909908235
3.6258653157552083
2.9303433159722228
2.3261394253954473
2.1580168095341437
4.787066225405093
3.159233765294312
2.8889368489583327
4.210512767650463
5.032018039279515
4.98821775535301
1.0738292643229164
2.255742799789187
5.27295421911169
5.018381103515624
3.2930237087673615
4.898698621961805
2.7885781521267368
4.506589789496528
2.497810014674272
2.564892144097223
4.804424418885032
7.111966082537616
4.219698935426312
2.344513538824818
2.9108407298900456
2.256556514033565
3.2269267035590277
2.1714139268663195
4.3623030999400605
2.735879828559029
2.362751767113095
2.1657608351934523
4.49034270411362
1.7408607438237156
3.0586446397569444
2.091996961805555
0.9853453233506941
2.6049843478732644
1.9680567220052079
3.2231284799727176
9.043323911313658
2.4254771050347217
2.833155454282409
2.1630875818969075
3.932926362537203
1.5929437055638225
1.2153776041666668
2.934300202546296
2.8935966254340286
1.5467942617910886
3.7165094013516873
1.5797996186755954
1.7200735134548615
2.3089551323784723
1.5230993471498848
4.544573979776374
1.7222477575231487
2.9670485026041677
1.557861870659722
3.0713633897569443
3.54195415969122
3.3465904095362102
2.9582711627294147
2.0081201171875005
2.995065673828125
2.40268625217014
1.6612711859809037
4.029752598999669
2.5320036659846235
3.4442916899181544
2.1741396251860112
1.3758823242187501
1.9804194968894673
1.2158555410879626
2.756218153211805
1.3484937608506948
2.73961252170139
4.050829803843556
2.1932187499999993
2.1174935025008264
2.406532751012731
2.8583948477285883
3.55584787326389
2.826998173466436
1.2662441948784722
2.0774048368262226
1.7448719437210645
1.8541857638888883
2.7770387137276784
1.7105132378472228
1.4146680049189817
1.7908644205729176
2.8915150402681324
2.3264169379340274
2.204224338107639
3.054867838541666
2.741795570333168
3.898381239149305
4.696196761842759
2.007851888020834
2.3862320459759427
2.0068710033275465
2.5966172417534725
2.525394947193288
2.004525933159723
1.7051324869791664
1.095130107576885
1.1409989872685182
1.6941765950520837
3.5315507812499995
3.014379340277778
1.9355592951698908
1.8583738374255954
2.735736111111111
3.0794393174913193
2.6376684389467595
3.2156092354910712
2.9653449435763894
3.546012493799602
2.2701444382440483
1.630943615141369
3.0865349934895834
3.709386233052249
3.0685329912781087
1.1833452148437502
2.3900126410590286
1.904499620225695
1.0410310329861112
1.7250935420283566
1.5131823459201388
1.133886284722222
1.496910970052083
4.458223798586998
3.329604758287863
1.4254821506076396
3.318044903790509
1.2562776873553247
1.2656447120949077
2.5364284667968753
1.6586283637152777
2.974805984416336
1.5475258763227513
3.529411910445601
1.0860282660590277
3.2638504412615745
3.890235984519676
3.4806233995225693
1.7168011971932868
2.1270658611317788
1.4564097764756943
1.6951321252893519
2.5667107204861117
1.3891436631944438
1.8266686921296293
2.101485894097223
2.0199364510995377
3.379666310143849
3.1558431260850686
2.2627697870163694
4.401969202112269
3.648929199218751
1.6385826099537033
1.4603870804398147
0.7604841915715936
0.8867872721354167
1.0135938404224538
1.199779052734375
1.1770176323784718
1.8640672743055555
2.830663605220734
2.9744706217447923
2.4312926979132228
1.0839573567708325
1.7279322374131953
2.6913296440972214
5.021396541642553
2.1441221788194444
3.588860839843749
2.881059429511823
3.9582822265624995
1.4106262478298608
4.871647388599537
4.48657726598669
2.9227041596912207
3.299879991319445
3.44404136827257
3.53146568467882
3.945067518446181
1.3364391004774308
3.7085680067274303
2.63640650318287
3.2691713957609947
3.240495737227183
2.88319834036045
3.5604038085937497
5.317032624421298
4.423187282986111
2.3229971697771994
1.7259380993716933
4.343586717716601
2.100896891276042
3.856126555266203
6.4135197017609125
2.576339680989583
1.6893881474247687
2.7010267288773147
2.4974419952876983
3.363117838541667
1.3779034649884254
3.0169045694341095
2.0171108760127314
2.905333175739914
2.030227315589865
2.435702745225694
4.1403302047164345
3.3738570421006933
2.941470865885416
3.9198429633246517
1.8769696542245364
3.905324327256944
1.7683572952835647
1.5986354046103395
0.8704673574942124
3.303147786458334
2.2661885850694445
1.4387037579571755
3.7535062331211417
2.445869755497685
3.8628877043547454
2.407007193752067
2.373987232349537
0.8537131890190973
1.673819552951389
2.150572937334657
4.541150465546462
2.863252748138002
1.5008901909722225
2.142441939742477
1.9102550636574067
4.116758827814981
3.5785299582506616
3.5526904245205038
3.2481624168113425
1.5631979709201396
2.6551800491898145
3.8292997762690155
2.62957611374628
3.748698880311674
2.7179859250992062
3.1032787452980326
1.5570924117476859
1.9634960549975196
0.8404376136739415
3.076670808015046
2.866056514033565
3.388062357907573
4.119619882323985
3.273471241784475
1.4900537832754632
2.7603554687499994
2.2974961428364753
2.8830742032490084
3.158952473958334
1.446502712673611
3.104101445772832
2.654873155381945
2.5882768528852518
2.71656900524967
3.5528612842055236
3.445877387152779
1.028311469184027
3.9547967122395837
2.86085970956308
1.580199074074074
2.7434276258680548
0.8479065393518517
2.7119331442212307
1.9063919451678235
1.8561259223090276
2.9654581163194433
1.1861477192873673
1.5283317961516194
6.956394907579639
3.0657902741608796
0.8908109085648144
1.2048434425636567
1.1502702184606486
0.8476133897569441
1.2163330465649795
1.0622821903935187
1.3978732458043983
2.321660536024306
1.419364800347222
3.7336785481770836
4.97035886863426
4.924290436921296
3.1171778260892027
5.505951406973381
4.093209294394842
7.110872649016203
3.552924515335649
3.619662163628473
2.481436135912699
0.8261707899305557
2.467113800533235
1.2977193609974367
3.3995639428840114
2.2250692558490406
5.735673267505787
2.809435254939651
5.389097339771412
1.6403348885995368
1.3759141981336798
1.7963528464988419
1.142083324291088
1.2149985532407404
2.140589870876737
2.0492330186631946
1.4496868295820926
2.0132371419270827
2.1522085774739583
1.2726670722759594
1.4180541720920141
2.448431423611111
1.2443083250661369
1.361851779513889
2.402259006076389
1.6130608723958342
1.2633418537119714
2.401298936631944
1.030871837797619
1.3349688585069446
1.6838975358589607
2.0170762106274807
