1 0.000 -1 -1
2 0.008 1 1
2 0.009 0 1
2 0.020 0 1
2 0.020 1 1
2 0.030 1 1
2 0.030 0 1
2 0.038 1 1
2 0.043 0 1
2 0.046 1 1
2 0.051 0 1
2 0.056 1 1
2 0.062 0 1
2 0.073 1 1
2 0.075 0 1
2 0.080 1 1
2 0.087 0 1
2 0.091 1 1
2 0.096 0 1
2 0.103 1 1
2 0.109 0 1
2 0.112 1 1
2 0.118 0 1
2 0.123 1 1
2 0.129 0 1
2 0.131 1 1
2 0.138 1 1
2 0.142 0 1
2 0.149 1 1
2 0.155 0 1
2 0.158 1 1
2 0.166 0 1
2 0.176 1 1
2 0.180 0 1
2 0.186 1 1
2 0.188 0 1
2 0.197 1 1
2 0.200 0 1
2 0.205 1 1
2 0.206 0 1
2 0.213 1 1
2 0.217 0 1
2 0.225 1 1
2 0.226 0 1
2 0.235 1 1
2 0.237 0 1
2 0.243 1 1
2 0.246 0 1
2 0.247 1 1
2 0.256 1 1
2 0.258 0 1
2 0.267 0 1
2 0.269 1 1
2 0.277 0 1
2 0.278 1 1
2 0.283 1 1
2 0.288 0 1
2 0.292 1 1
2 0.293 1 1
2 0.300 0 1
2 0.302 1 1
2 0.307 1 1
2 0.317 0 1
2 0.318 1 1
2 0.330 0 1
2 0.331 1 1
2 0.337 0 1
2 0.338 1 1
2 0.348 1 1
2 0.348 0 1
2 0.353 0 1
2 0.359 0 1
2 0.362 1 1
2 0.373 0 1
2 0.376 1 1
2 0.383 0 1
2 0.390 0 1
2 0.392 1 1
2 0.398 1 1
2 0.399 0 1
2 0.407 1 1
2 0.411 0 1
2 0.413 1 1
2 0.419 1 1
2 0.422 0 1
2 0.433 1 1
2 0.435 0 1
2 0.437 1 1
2 0.447 0 1
2 0.450 1 1
2 0.457 1 1
2 0.457 0 1
2 0.464 0 1
2 0.469 1 1
2 0.479 1 1
2 0.481 0 1
2 0.491 1 1
2 0.491 0 1
2 0.499 0 1
2 0.500 1 1
2 0.504 1 1
2 0.512 0 1
2 0.516 1 1
2 0.517 0 1
2 0.527 1 1
2 0.534 0 1
2 0.540 0 1
2 0.541 1 1
2 0.552 1 1
2 0.556 0 1
2 0.559 1 1
2 0.567 0 1
2 0.569 1 1
2 0.580 1 1
2 0.584 0 1
2 0.589 1 1
2 0.594 0 1
2 0.598 1 1
2 0.600 0 1
2 0.609 1 1
2 0.611 0 1
2 0.619 1 1
2 0.622 0 1
2 0.628 1 1
2 0.631 0 1
2 0.636 1 1
2 0.644 0 1
2 0.649 1 1
2 0.652 0 1
2 0.659 1 1
2 0.663 1 1
2 0.669 0 1
2 0.677 1 1
2 0.681 0 1
2 0.688 1 1
2 0.691 0 1
2 0.698 1 1
2 0.704 0 1
2 0.707 1 1
2 0.714 1 1
2 0.714 0 1
2 0.718 1 1
2 0.722 0 1
2 0.728 1 1
2 0.730 0 1
2 0.743 1 1
2 0.751 0 1
2 0.755 1 1
2 0.764 1 1
2 0.764 0 1
2 0.773 1 1
2 0.781 0 1
2 0.782 1 1
2 0.792 0 1
2 0.798 1 1
2 0.801 0 1
2 0.806 1 1
2 0.812 0 1
2 0.817 0 1
2 0.829 1 1
2 0.832 0 1
2 0.835 1 1
2 0.843 1 1
2 0.843 0 1
2 0.855 1 1
2 0.856 0 1
2 0.866 1 1
2 0.872 1 1
2 0.873 0 1
2 0.879 1 1
2 0.880 0 1
2 0.885 1 1
2 0.889 0 1
2 0.893 1 1
2 0.899 0 1
2 0.901 1 1
2 0.907 0 1
2 0.908 1 1
2 0.919 1 1
2 0.919 0 1
2 0.925 1 1
2 0.928 0 1
2 0.937 1 1
2 0.937 0 1
2 0.944 1 1
2 0.952 0 1
2 0.954 1 1
2 0.960 0 1
2 0.961 1 1
2 0.965 0 1
2 0.975 0 1
2 0.976 1 1
2 0.982 1 1
2 0.989 0 1
2 0.993 1 1
1 1.000 -1 -1
2 1.003 1 1
2 1.004 0 1
2 1.018 1 1
2 1.020 0 1
2 1.021 1 1
2 1.024 0 1
2 1.031 0 1
2 1.034 1 1
2 1.043 0 1
2 1.047 1 1
2 1.052 0 1
2 1.054 1 1
2 1.063 0 1
2 1.064 1 1
2 1.072 0 1
2 1.075 1 1
2 1.080 1 1
2 1.083 0 1
2 1.089 1 1
2 1.094 0 1
2 1.096 1 1
2 1.106 0 1
2 1.107 1 1
2 1.112 1 1
2 1.114 0 1
2 1.119 1 1
2 1.124 0 1
2 1.133 1 1
2 1.136 0 1
2 1.141 0 1
2 1.142 1 1
2 1.152 0 1
2 1.156 1 1
2 1.164 1 1
2 1.166 0 1
2 1.170 0 1
2 1.174 1 1
2 1.180 0 1
2 1.184 1 1
2 1.185 0 1
2 1.193 1 1
2 1.197 0 1
2 1.199 1 1
2 1.204 1 1
2 1.206 0 1
2 1.210 0 1
2 1.211 1 1
2 1.219 1 1
2 1.219 0 1
2 1.225 1 1
2 1.231 0 1
2 1.235 1 1
2 1.239 0 1
2 1.246 0 1
2 1.247 1 1
2 1.257 0 1
2 1.263 1 1
2 1.270 0 1
2 1.272 1 1
2 1.279 0 1
2 1.280 1 1
2 1.290 1 1
2 1.290 0 1
2 1.302 1 1
2 1.302 0 1
2 1.310 1 1
2 1.311 0 1
2 1.319 0 1
2 1.321 1 1
2 1.326 1 1
2 1.326 0 1
2 1.333 0 1
2 1.335 1 1
2 1.343 0 1
2 1.345 1 1
2 1.349 0 1
2 1.354 1 1
2 1.357 0 1
2 1.362 1 1
2 1.366 0 1
2 1.370 1 1
2 1.373 0 1
2 1.379 1 1
2 1.384 0 1
2 1.388 1 1
2 1.392 0 1
2 1.395 1 1
2 1.398 0 1
2 1.405 1 1
2 1.412 0 1
2 1.415 1 1
2 1.424 0 1
2 1.425 1 1
2 1.433 0 1
2 1.440 1 1
2 1.444 0 1
2 1.451 1 1
2 1.459 0 1
2 1.460 1 1
2 1.466 0 1
2 1.473 1 1
2 1.475 0 1
2 1.479 1 1
2 1.486 0 1
2 1.488 1 1
2 1.499 0 1
2 1.500 1 1
2 1.509 1 1
2 1.510 0 1
2 1.519 1 1
2 1.521 0 1
2 1.525 1 1
2 1.535 1 1
2 1.540 0 1
2 1.541 1 1
2 1.549 1 1
2 1.550 0 1
2 1.558 1 1
2 1.563 0 1
2 1.566 1 1
2 1.571 0 1
2 1.579 1 1
2 1.582 0 1
2 1.587 1 1
2 1.596 0 1
2 1.598 1 1
2 1.604 1 1
2 1.609 0 1
2 1.612 0 1
2 1.619 1 1
2 1.620 0 1
2 1.625 1 1
2 1.630 0 1
2 1.637 1 1
2 1.639 0 1
2 1.644 1 1
2 1.649 0 1
2 1.655 1 1
2 1.663 0 1
2 1.663 1 1
2 1.671 0 1
2 1.671 1 1
2 1.683 1 1
2 1.686 0 1
2 1.694 0 1
2 1.694 1 1
2 1.704 0 1
2 1.705 1 1
2 1.711 1 1
2 1.716 0 1
2 1.721 1 1
2 1.727 0 1
2 1.728 1 1
2 1.733 0 1
2 1.738 1 1
2 1.743 0 1
2 1.746 1 1
2 1.753 0 1
2 1.756 1 1
2 1.760 1 1
2 1.761 0 1
2 1.771 1 1
2 1.775 0 1
2 1.783 1 1
2 1.786 0 1
2 1.796 0 1
2 1.799 1 1
2 1.807 0 1
2 1.817 1 1
2 1.824 0 1
2 1.826 1 1
2 1.830 1 1
2 1.841 0 1
2 1.841 1 1
2 1.854 1 1
2 1.857 0 1
2 1.865 1 1
2 1.869 0 1
2 1.874 0 1
2 1.882 1 1
2 1.882 0 1
2 1.893 0 1
2 1.896 1 1
2 1.906 1 1
2 1.909 0 1
2 1.916 0 1
2 1.917 1 1
2 1.927 0 1
2 1.928 1 1
2 1.934 1 1
2 1.939 0 1
2 1.948 1 1
2 1.953 0 1
2 1.962 0 1
2 1.962 1 1
2 1.967 1 1
2 1.971 0 1
2 1.973 1 1
2 1.975 0 1
2 1.981 0 1
2 1.986 1 1
2 1.989 0 1
2 1.995 0 1
2 1.999 1 1
1 2.000 -1 -1
2 2.004 1 1
2 2.007 0 1
2 2.014 0 1
2 2.019 1 1
2 2.022 0 1
2 2.031 1 1
2 2.034 0 1
2 2.045 1 1
2 2.048 0 1
2 2.056 1 1
2 2.058 0 1
2 2.064 0 1
2 2.069 1 1
2 2.076 0 1
2 2.082 1 1
2 2.084 0 1
2 2.091 0 1
2 2.095 1 1
2 2.101 0 1
2 2.103 1 1
2 2.110 0 1
2 2.113 1 1
2 2.117 0 1
2 2.123 1 1
2 2.130 1 1
2 2.131 0 1
2 2.144 1 1
2 2.148 0 1
2 2.157 1 1
2 2.164 1 1
2 2.164 0 1
2 2.177 1 1
2 2.177 0 1
2 2.188 0 1
2 2.193 1 1
2 2.196 0 1
2 2.200 0 1
2 2.205 0 1
2 2.210 1 1
2 2.217 1 1
2 2.220 0 1
2 2.228 1 1
2 2.231 0 1
2 2.237 0 1
2 2.238 1 1
2 2.247 0 1
2 2.253 1 1
2 2.256 0 1
2 2.262 1 1
2 2.273 1 1
2 2.278 0 1
2 2.280 1 1
2 2.288 0 1
2 2.292 1 1
2 2.300 0 1
2 2.303 1 1
2 2.308 0 1
2 2.315 1 1
2 2.323 0 1
2 2.328 1 1
2 2.334 0 1
2 2.342 0 1
2 2.342 1 1
2 2.354 0 1
2 2.355 1 1
2 2.363 0 1
2 2.365 1 1
2 2.371 0 1
2 2.376 1 1
2 2.379 0 1
2 2.390 1 1
2 2.392 0 1
2 2.395 1 1
2 2.401 0 1
2 2.409 1 1
2 2.411 0 1
2 2.416 1 1
2 2.420 0 1
2 2.427 1 1
2 2.436 0 1
2 2.439 1 1
2 2.448 0 1
2 2.451 0 1
2 2.452 1 1
2 2.461 0 1
2 2.469 1 1
2 2.473 0 1
2 2.480 1 1
2 2.483 0 1
2 2.494 0 1
2 2.494 1 1
2 2.499 1 1
2 2.501 0 1
2 2.510 1 1
2 2.513 0 1
2 2.519 1 1
2 2.525 0 1
2 2.526 1 1
2 2.534 0 1
2 2.537 1 1
2 2.542 0 1
2 2.548 1 1
2 2.554 1 1
2 2.555 0 1
2 2.561 1 1
2 2.564 0 1
2 2.570 1 1
2 2.575 1 1
2 2.580 0 1
2 2.584 1 1
2 2.590 1 1
2 2.592 0 1
2 2.599 0 1
2 2.600 1 1
2 2.607 1 1
2 2.612 1 1
2 2.612 0 1
2 2.622 0 1
2 2.625 1 1
2 2.631 1 1
2 2.639 0 1
2 2.641 1 1
2 2.649 0 1
2 2.651 1 1
2 2.660 1 1
2 2.663 0 1
2 2.666 1 1
2 2.675 0 1
2 2.678 1 1
2 2.681 0 1
2 2.688 1 1
2 2.688 0 1
2 2.698 1 1
2 2.698 0 1
2 2.705 1 1
2 2.706 0 1
2 2.711 1 1
2 2.713 0 1
2 2.719 0 1
2 2.724 1 1
2 2.731 0 1
2 2.735 1 1
2 2.739 0 1
2 2.750 1 1
2 2.752 0 1
2 2.759 0 1
2 2.760 1 1
2 2.765 1 1
2 2.771 0 1
2 2.772 1 1
2 2.779 1 1
2 2.783 0 1
2 2.787 1 1
2 2.789 0 1
2 2.802 1 1
2 2.808 0 1
2 2.811 1 1
2 2.823 1 1
2 2.824 0 1
2 2.830 1 1
2 2.832 0 1
2 2.841 1 1
2 2.843 0 1
2 2.846 1 1
2 2.854 1 1
2 2.854 0 1
2 2.865 0 1
2 2.870 1 1
2 2.876 0 1
2 2.880 1 1
2 2.886 0 1
2 2.888 1 1
2 2.893 1 1
2 2.894 0 1
2 2.904 1 1
2 2.904 0 1
2 2.916 0 1
2 2.917 1 1
2 2.926 0 1
2 2.928 1 1
2 2.932 0 1
2 2.933 1 1
2 2.940 1 1
2 2.945 0 1
2 2.955 0 1
2 2.955 1 1
2 2.963 1 1
2 2.967 0 1
2 2.972 1 1
2 2.976 0 1
2 2.978 1 1
2 2.986 0 1
2 2.988 1 1
2 2.993 0 1
1 3.000 -1 -1
2 3.003 0 1
2 3.004 1 1
2 3.009 0 1
2 3.014 1 1
2 3.017 0 1
2 3.018 1 1
2 3.027 1 1
2 3.030 0 1
2 3.038 1 1
2 3.041 0 1
2 3.048 1 1
2 3.052 0 1
2 3.059 1 1
2 3.060 0 1
2 3.068 1 1
2 3.073 0 1
2 3.075 1 1
2 3.081 1 1
2 3.083 0 1
2 3.087 1 1
2 3.093 0 1
2 3.102 0 1
2 3.105 1 1
2 3.111 0 1
2 3.116 1 1
2 3.122 0 1
2 3.123 1 1
2 3.129 0 1
2 3.137 1 1
2 3.143 0 1
2 3.144 1 1
2 3.146 0 1
2 3.149 1 1
2 3.157 0 1
2 3.158 1 1
2 3.170 0 1
2 3.171 1 1
2 3.175 1 1
2 3.182 0 1
2 3.183 1 1
2 3.194 0 1
2 3.195 1 1
2 3.202 0 1
2 3.209 1 1
2 3.214 0 1
2 3.218 1 1
2 3.220 0 1
2 3.227 0 1
2 3.230 1 1
2 3.236 0 1
2 3.245 1 1
2 3.249 0 1
2 3.259 1 1
2 3.263 0 1
2 3.264 1 1
2 3.274 0 1
2 3.275 1 1
2 3.280 1 1
2 3.283 0 1
2 3.288 1 1
2 3.290 0 1
2 3.294 1 1
2 3.296 0 1
2 3.299 0 1
2 3.300 1 1
2 3.305 1 1
2 3.313 0 1
2 3.314 1 1
2 3.324 0 1
2 3.332 1 1
2 3.339 0 1
2 3.341 1 1
2 3.347 0 1
2 3.352 1 1
2 3.356 0 1
2 3.361 0 1
2 3.367 1 1
2 3.367 0 1
2 3.378 1 1
2 3.381 0 1
2 3.384 1 1
2 3.388 0 1
2 3.396 1 1
2 3.401 1 1
2 3.401 0 1
2 3.407 1 1
2 3.414 0 1
2 3.417 1 1
2 3.426 1 1
2 3.427 0 1
2 3.434 0 1
2 3.436 1 1
2 3.438 0 1
2 3.447 0 1
2 3.449 1 1
2 3.457 1 1
2 3.460 0 1
2 3.466 0 1
2 3.467 1 1
2 3.472 0 1
2 3.483 1 1
2 3.483 0 1
2 3.492 0 1
2 3.496 1 1
2 3.498 0 1
2 3.507 0 1
2 3.508 1 1
2 3.516 0 1
2 3.518 1 1
2 3.527 1 1
2 3.527 0 1
2 3.536 1 1
2 3.536 0 1
2 3.542 0 1
2 3.547 1 1
2 3.556 0 1
2 3.561 1 1
2 3.561 0 1
2 3.569 0 1
2 3.571 1 1
2 3.576 0 1
2 3.578 1 1
2 3.587 0 1
2 3.588 1 1
2 3.593 0 1
2 3.600 1 1
2 3.606 0 1
2 3.612 1 1
2 3.614 0 1
2 3.621 0 1
2 3.622 1 1
2 3.630 1 1
2 3.638 0 1
2 3.640 1 1
2 3.650 0 1
2 3.651 1 1
2 3.658 1 1
2 3.662 0 1
2 3.668 1 1
2 3.675 0 1
2 3.677 1 1
2 3.681 1 1
2 3.686 0 1
2 3.690 1 1
2 3.692 0 1
2 3.701 0 1
2 3.702 1 1
2 3.708 0 1
2 3.715 1 1
2 3.718 0 1
2 3.726 1 1
2 3.731 0 1
2 3.737 1 1
2 3.739 0 1
2 3.749 1 1
2 3.757 1 1
2 3.758 0 1
2 3.766 1 1
2 3.768 0 1
2 3.769 1 1
2 3.778 1 1
2 3.779 0 1
2 3.786 0 1
2 3.788 1 1
2 3.796 0 1
2 3.805 1 1
2 3.808 0 1
2 3.814 1 1
2 3.818 0 1
2 3.827 0 1
2 3.830 1 1
2 3.836 1 1
2 3.836 0 1
2 3.846 1 1
2 3.856 1 1
2 3.856 0 1
2 3.861 0 1
2 3.864 1 1
2 3.872 0 1
2 3.875 1 1
2 3.884 0 1
2 3.885 1 1
2 3.895 1 1
2 3.898 0 1
2 3.903 1 1
2 3.910 0 1
2 3.920 1 1
2 3.921 0 1
2 3.933 0 1
2 3.935 1 1
2 3.943 0 1
2 3.945 1 1
2 3.955 0 1
2 3.958 1 1
2 3.961 0 1
2 3.971 1 1
2 3.974 0 1
2 3.982 1 1
2 3.983 0 1
2 3.994 1 1
2 3.996 0 1
1 4.000 -1 -1
2 4.003 1 1
2 4.007 0 1
2 4.012 1 1
2 4.014 0 1
2 4.022 0 1
2 4.024 1 1
2 4.029 0 1
2 4.032 1 1
2 4.039 0 1
2 4.045 1 1
2 4.046 0 1
2 4.053 0 1
2 4.056 1 1
2 4.060 0 1
2 4.064 1 1
2 4.071 0 1
2 4.073 1 1
2 4.079 1 1
2 4.080 0 1
2 4.086 1 1
2 4.093 1 1
2 4.095 0 1
2 4.103 1 1
2 4.106 0 1
2 4.110 1 1
2 4.113 0 1
2 4.122 0 1
2 4.124 1 1
2 4.131 0 1
2 4.134 1 1
2 4.141 0 1
2 4.149 1 1
2 4.154 0 1
2 4.161 1 1
2 4.167 0 1
2 4.170 1 1
2 4.173 0 1
2 4.183 0 1
2 4.184 1 1
2 4.191 0 1
2 4.192 1 1
2 4.202 1 1
2 4.209 1 1
2 4.210 0 1
2 4.219 1 1
2 4.222 0 1
2 4.226 1 1
2 4.230 0 1
2 4.240 0 1
2 4.247 1 1
2 4.254 0 1
2 4.255 1 1
2 4.264 1 1
2 4.266 0 1
2 4.270 0 1
2 4.273 1 1
2 4.280 0 1
2 4.282 1 1
2 4.289 0 1
2 4.291 1 1
2 4.301 0 1
2 4.302 1 1
2 4.306 0 1
2 4.312 0 1
2 4.312 1 1
2 4.315 1 1
2 4.325 0 1
2 4.330 1 1
2 4.331 0 1
2 4.344 1 1
2 4.345 0 1
2 4.353 1 1
2 4.359 0 1
2 4.359 1 1
2 4.368 1 1
2 4.371 0 1
2 4.376 1 1
2 4.383 1 1
2 4.387 0 1
2 4.397 1 1
2 4.398 0 1
2 4.408 0 1
2 4.410 1 1
2 4.421 0 1
2 4.421 1 1
2 4.427 0 1
2 4.433 0 1
2 4.433 1 1
2 4.440 1 1
2 4.445 1 1
2 4.446 0 1
2 4.454 1 1
2 4.455 0 1
2 4.459 1 1
2 4.467 0 1
2 4.467 1 1
2 4.476 0 1
2 4.477 1 1
2 4.489 0 1
2 4.490 1 1
2 4.496 1 1
2 4.500 0 1
2 4.507 0 1
2 4.507 1 1
2 4.517 0 1
2 4.522 1 1
2 4.530 0 1
2 4.531 1 1
2 4.538 0 1
2 4.542 1 1
2 4.548 0 1
2 4.552 1 1
2 4.556 1 1
2 4.557 0 1
2 4.564 1 1
2 4.572 0 1
2 4.576 1 1
2 4.583 0 1
2 4.586 1 1
2 4.593 0 1
2 4.595 1 1
2 4.603 0 1
2 4.604 1 1
2 4.615 0 1
2 4.618 1 1
2 4.627 1 1
2 4.629 0 1
2 4.639 1 1
2 4.643 1 1
2 4.645 0 1
2 4.652 1 1
2 4.654 0 1
2 4.660 1 1
2 4.665 0 1
2 4.673 1 1
2 4.676 0 1
2 4.681 1 1
2 4.687 0 1
2 4.691 1 1
2 4.695 0 1
2 4.701 0 1
2 4.704 1 1
2 4.712 1 1
2 4.714 0 1
2 4.721 1 1
2 4.728 0 1
2 4.730 1 1
2 4.734 0 1
2 4.742 0 1
2 4.742 1 1
2 4.747 0 1
2 4.749 1 1
2 4.756 0 1
2 4.758 1 1
2 4.762 0 1
2 4.768 0 1
2 4.772 1 1
2 4.776 0 1
2 4.783 1 1
2 4.788 0 1
2 4.799 1 1
2 4.802 0 1
2 4.811 0 1
2 4.813 1 1
2 4.821 0 1
2 4.821 1 1
2 4.831 0 1
2 4.840 1 1
2 4.845 0 1
2 4.848 1 1
2 4.852 0 1
2 4.859 0 1
2 4.862 1 1
2 4.871 1 1
2 4.875 0 1
2 4.879 1 1
2 4.890 0 1
2 4.891 1 1
2 4.899 0 1
2 4.899 1 1
2 4.906 0 1
2 4.913 1 1
2 4.920 0 1
2 4.926 1 1
2 4.931 0 1
2 4.935 1 1
2 4.941 0 1
2 4.942 1 1
2 4.951 0 1
2 4.952 1 1
2 4.960 0 1
2 4.963 1 1
2 4.968 1 1
2 4.970 0 1
2 4.980 1 1
2 4.982 0 1
2 4.991 1 1
2 4.996 0 1
2 4.998 1 1
1 5.000 -1 -1
2 5.009 0 1
2 5.010 1 1
2 5.020 0 1
2 5.023 1 1
2 5.031 0 1
2 5.034 1 1
2 5.040 0 1
2 5.044 1 1
2 5.051 0 1
2 5.055 1 1
2 5.067 0 1
2 5.068 1 1
2 5.072 0 1
2 5.082 1 1
2 5.086 0 1
2 5.093 1 1
2 5.094 0 1
2 5.099 1 1
2 5.104 0 1
2 5.110 1 1
2 5.114 0 1
2 5.116 1 1
2 5.124 1 1
2 5.125 0 1
2 5.134 1 1
2 5.139 0 1
2 5.142 1 1
2 5.148 0 1
2 5.150 1 1
2 5.159 0 1
2 5.163 1 1
2 5.168 0 1
2 5.172 1 1
2 5.179 0 1
2 5.184 1 1
2 5.185 0 1
2 5.193 1 1
2 5.199 0 1
2 5.207 0 1
2 5.210 1 1
2 5.214 0 1
2 5.220 1 1
2 5.226 0 1
2 5.231 1 1
2 5.239 0 1
2 5.244 1 1
2 5.244 0 1
2 5.254 1 1
2 5.259 0 1
2 5.262 1 1
2 5.267 0 1
2 5.270 1 1
2 5.276 0 1
2 5.281 1 1
2 5.285 1 1
2 5.285 0 1
2 5.294 0 1
2 5.297 1 1
2 5.305 0 1
2 5.311 1 1
2 5.313 0 1
2 5.316 1 1
2 5.323 1 1
2 5.323 0 1
2 5.330 0 1
2 5.334 1 1
2 5.339 0 1
2 5.341 1 1
2 5.346 1 1
2 5.351 0 1
2 5.358 0 1
2 5.363 1 1
2 5.368 0 1
2 5.377 1 1
2 5.388 1 1
2 5.390 0 1
2 5.401 1 1
2 5.403 0 1
2 5.408 1 1
2 5.411 0 1
2 5.419 1 1
2 5.423 0 1
2 5.427 1 1
2 5.434 0 1
2 5.440 1 1
2 5.443 0 1
2 5.450 1 1
2 5.461 1 1
2 5.463 0 1
2 5.470 0 1
2 5.472 1 1
2 5.481 1 1
2 5.486 0 1
2 5.491 1 1
2 5.500 0 1
2 5.503 1 1
2 5.511 1 1
2 5.515 0 1
2 5.524 0 1
2 5.526 1 1
2 5.533 0 1
2 5.536 1 1
2 5.539 0 1
2 5.548 1 1
2 5.551 0 1
2 5.557 0 1
2 5.561 1 1
2 5.566 1 1
2 5.568 0 1
2 5.573 1 1
2 5.580 0 1
2 5.582 1 1
2 5.587 1 1
2 5.590 0 1
2 5.597 1 1
2 5.598 0 1
2 5.611 0 1
2 5.613 1 1
2 5.618 1 1
2 5.621 0 1
2 5.629 1 1
2 5.631 0 1
2 5.639 0 1
2 5.641 1 1
2 5.649 0 1
2 5.650 1 1
2 5.654 1 1
2 5.661 0 1
2 5.666 1 1
2 5.674 0 1
2 5.676 1 1
2 5.688 1 1
2 5.689 0 1
2 5.693 0 1
2 5.704 1 1
2 5.704 0 1
2 5.720 1 1
2 5.721 0 1
2 5.729 1 1
2 5.732 0 1
2 5.739 0 1
2 5.740 1 1
2 5.750 1 1
2 5.753 0 1
2 5.759 0 1
2 5.761 1 1
2 5.770 1 1
2 5.777 0 1
2 5.779 1 1
2 5.784 1 1
2 5.790 1 1
2 5.790 0 1
2 5.798 1 1
2 5.798 0 1
2 5.807 0 1
2 5.809 1 1
2 5.815 0 1
2 5.818 1 1
2 5.827 0 1
2 5.829 1 1
2 5.836 0 1
2 5.842 1 1
2 5.847 0 1
2 5.856 1 1
2 5.858 0 1
2 5.864 0 1
2 5.870 1 1
2 5.873 0 1
2 5.885 1 1
2 5.886 0 1
2 5.895 0 1
2 5.897 1 1
2 5.904 0 1
2 5.909 1 1
2 5.912 0 1
2 5.919 1 1
2 5.922 0 1
2 5.929 1 1
2 5.932 0 1
2 5.942 1 1
2 5.944 0 1
2 5.951 1 1
2 5.955 0 1
2 5.959 1 1
2 5.967 0 1
2 5.975 1 1
2 5.979 0 1
2 5.983 1 1
2 5.987 0 1
2 5.993 1 1
2 5.994 0 1
2 5.999 0 1
1 6.000 -1 -1
2 6.008 0 1
2 6.010 1 1
2 6.017 0 1
2 6.018 1 1
2 6.025 1 1
2 6.027 0 1
2 6.033 1 1
2 6.034 0 1
2 6.042 0 1
2 6.044 1 1
2 6.054 1 1
2 6.056 0 1
2 6.061 1 1
2 6.067 0 1
2 6.070 1 1
2 6.076 0 1
2 6.080 1 1
2 6.086 0 1
2 6.096 1 1
2 6.098 0 1
2 6.110 0 1
2 6.111 1 1
2 6.115 0 1
2 6.118 1 1
2 6.127 1 1
2 6.130 0 1
2 6.132 1 1
2 6.144 1 1
2 6.146 0 1
2 6.149 1 1
2 6.154 0 1
2 6.155 1 1
2 6.160 0 1
2 6.166 1 1
2 6.172 1 1
2 6.173 0 1
2 6.180 1 1
2 6.188 1 1
2 6.192 0 1
2 6.199 0 1
2 6.202 1 1
2 6.204 0 1
2 6.214 0 1
2 6.217 1 1
2 6.224 0 1
2 6.230 1 1
2 6.236 0 1
2 6.241 1 1
2 6.247 0 1
2 6.253 0 1
2 6.259 1 1
2 6.260 0 1
2 6.262 1 1
2 6.270 0 1
2 6.278 1 1
2 6.278 0 1
2 6.290 0 1
2 6.294 1 1
2 6.298 0 1
2 6.304 1 1
2 6.308 0 1
2 6.312 0 1
2 6.317 1 1
2 6.322 0 1
2 6.332 1 1
2 6.337 0 1
2 6.343 1 1
2 6.345 0 1
2 6.350 1 1
2 6.358 0 1
2 6.362 1 1
2 6.369 0 1
2 6.370 1 1
2 6.375 0 1
2 6.376 1 1
2 6.382 1 1
2 6.385 0 1
2 6.392 1 1
2 6.399 0 1
2 6.403 1 1
2 6.412 1 1
2 6.414 0 1
2 6.419 0 1
2 6.421 1 1
2 6.426 0 1
2 6.431 1 1
2 6.436 0 1
2 6.441 1 1
2 6.445 0 1
2 6.450 1 1
2 6.457 0 1
2 6.460 1 1
2 6.465 0 1
2 6.465 1 1
2 6.474 0 1
2 6.477 1 1
2 6.484 0 1
2 6.490 1 1
2 6.493 0 1
2 6.495 1 1
2 6.503 0 1
2 6.510 1 1
2 6.513 1 1
2 6.514 0 1
2 6.520 1 1
2 6.527 0 1
2 6.532 0 1
2 6.536 1 1
2 6.538 0 1
2 6.546 1 1
2 6.549 0 1
2 6.552 1 1
2 6.558 0 1
2 6.571 0 1
2 6.573 1 1
2 6.580 1 1
2 6.586 0 1
2 6.591 1 1
2 6.594 0 1
2 6.603 0 1
2 6.604 1 1
2 6.609 1 1
2 6.617 0 1
2 6.622 1 1
2 6.628 0 1
2 6.633 1 1
2 6.639 0 1
2 6.641 1 1
2 6.647 0 1
2 6.652 1 1
2 6.658 0 1
2 6.662 1 1
2 6.665 0 1
2 6.670 1 1
2 6.674 0 1
2 6.679 0 1
2 6.685 1 1
2 6.691 0 1
2 6.699 1 1
2 6.704 0 1
2 6.705 1 1
2 6.711 1 1
2 6.713 0 1
2 6.725 1 1
2 6.729 0 1
2 6.735 1 1
2 6.735 0 1
2 6.739 0 1
2 6.746 1 1
2 6.752 0 1
2 6.759 1 1
2 6.763 0 1
2 6.771 0 1
2 6.772 1 1
2 6.785 1 1
2 6.788 0 1
2 6.798 0 1
2 6.804 1 1
2 6.807 0 1
2 6.810 1 1
2 6.812 0 1
2 6.825 1 1
2 6.826 0 1
2 6.834 1 1
2 6.837 0 1
2 6.839 1 1
2 6.846 0 1
2 6.851 1 1
2 6.858 0 1
2 6.862 1 1
2 6.865 0 1
2 6.872 0 1
2 6.875 1 1
2 6.878 0 1
2 6.885 1 1
2 6.887 0 1
2 6.893 1 1
2 6.898 0 1
2 6.900 1 1
2 6.905 0 1
2 6.907 1 1
2 6.916 0 1
2 6.917 1 1
2 6.926 1 1
2 6.935 0 1
2 6.936 1 1
2 6.944 1 1
2 6.948 0 1
2 6.954 1 1
2 6.956 0 1
2 6.958 1 1
2 6.964 0 1
2 6.967 1 1
2 6.973 1 1
2 6.976 0 1
2 6.984 1 1
2 6.985 0 1
2 6.990 1 1
2 6.993 0 1
1 7.000 -1 -1
2 7.003 1 1
2 7.010 0 1
2 7.012 1 1
2 7.024 0 1
2 7.025 1 1
2 7.030 1 1
2 7.030 0 1
2 7.039 1 1
2 7.040 0 1
2 7.046 1 1
2 7.050 0 1
2 7.059 1 1
2 7.066 0 1
2 7.068 1 1
2 7.075 1 1
2 7.076 0 1
2 7.080 1 1
2 7.085 1 1
2 7.086 0 1
2 7.095 1 1
2 7.095 0 1
2 7.103 0 1
2 7.108 1 1
2 7.112 0 1
2 7.117 1 1
2 7.121 0 1
2 7.129 1 1
2 7.130 0 1
2 7.139 1 1
2 7.141 0 1
2 7.150 1 1
2 7.157 0 1
2 7.160 1 1
2 7.164 0 1
2 7.169 1 1
2 7.176 0 1
2 7.182 1 1
2 7.187 0 1
2 7.197 0 1
2 7.200 1 1
2 7.210 0 1
2 7.213 1 1
2 7.221 0 1
2 7.223 1 1
2 7.230 0 1
2 7.237 1 1
2 7.244 1 1
2 7.245 0 1
2 7.248 1 1
2 7.250 1 1
2 7.250 0 1
2 7.263 0 1
2 7.265 1 1
2 7.271 1 1
2 7.274 0 1
2 7.281 1 1
2 7.283 0 1
2 7.288 1 1
2 7.294 0 1
2 7.295 1 1
2 7.302 0 1
2 7.304 1 1
2 7.311 0 1
2 7.312 1 1
2 7.324 1 1
2 7.329 0 1
2 7.330 1 1
2 7.335 1 1
2 7.342 1 1
2 7.342 0 1
2 7.346 1 1
2 7.352 0 1
2 7.356 1 1
2 7.362 0 1
2 7.366 1 1
2 7.375 0 1
2 7.376 1 1
2 7.385 0 1
2 7.390 1 1
2 7.400 0 1
2 7.404 1 1
2 7.412 0 1
2 7.421 1 1
2 7.425 0 1
2 7.431 1 1
2 7.433 0 1
2 7.442 0 1
2 7.448 1 1
2 7.449 0 1
2 7.457 1 1
2 7.460 0 1
2 7.467 1 1
2 7.471 0 1
2 7.472 1 1
2 7.477 0 1
2 7.482 1 1
2 7.490 0 1
2 7.494 1 1
2 7.505 1 1
2 7.508 0 1
2 7.515 1 1
2 7.519 0 1
2 7.525 1 1
2 7.532 0 1
2 7.536 1 1
2 7.540 0 1
2 7.547 1 1
2 7.547 0 1
2 7.560 1 1
2 7.560 0 1
2 7.575 1 1
2 7.576 0 1
2 7.583 0 1
2 7.586 1 1
2 7.591 0 1
2 7.599 1 1
2 7.603 0 1
2 7.606 1 1
2 7.608 0 1
2 7.615 1 1
2 7.621 0 1
2 7.625 1 1
2 7.631 0 1
2 7.637 1 1
2 7.642 0 1
2 7.646 1 1
2 7.649 0 1
2 7.654 1 1
2 7.663 0 1
2 7.669 1 1
2 7.673 0 1
2 7.679 1 1
2 7.684 0 1
2 7.686 1 1
2 7.696 0 1
2 7.697 1 1
2 7.704 1 1
2 7.706 0 1
2 7.717 0 1
2 7.718 1 1
2 7.725 1 1
2 7.729 0 1
2 7.732 1 1
2 7.737 0 1
2 7.748 0 1
2 7.749 1 1
2 7.758 0 1
2 7.761 1 1
2 7.768 0 1
2 7.769 1 1
2 7.777 0 1
2 7.782 1 1
2 7.788 0 1
2 7.795 1 1
2 7.797 0 1
2 7.807 1 1
2 7.814 1 1
2 7.815 0 1
2 7.820 1 1
2 7.831 1 1
2 7.831 0 1
2 7.838 0 1
2 7.844 1 1
2 7.847 0 1
2 7.854 1 1
2 7.862 0 1
2 7.867 1 1
2 7.874 1 1
2 7.875 0 1
2 7.881 0 1
2 7.890 1 1
2 7.897 0 1
2 7.898 1 1
2 7.905 1 1
2 7.910 0 1
2 7.913 1 1
2 7.921 0 1
2 7.923 1 1
2 7.930 0 1
2 7.931 1 1
2 7.940 1 1
2 7.943 0 1
2 7.948 1 1
2 7.953 0 1
2 7.960 0 1
2 7.961 1 1
2 7.968 0 1
2 7.969 1 1
2 7.978 1 1
2 7.985 0 1
2 7.993 1 1
2 8.000 1 1
2 8.000 0 1
1 8.000 -1 -1
2 8.014 1 1
2 8.014 0 1
2 8.021 0 1
2 8.025 1 1
2 8.029 0 1
2 8.040 0 1
2 8.041 1 1
2 8.049 0 1
2 8.054 0 1
2 8.058 1 1
2 8.064 0 1
2 8.067 1 1
2 8.070 0 1
2 8.079 1 1
2 8.080 0 1
2 8.089 1 1
2 8.090 0 1
2 8.101 1 1
2 8.102 0 1
2 8.106 1 1
2 8.117 1 1
2 8.117 0 1
2 8.131 0 1
2 8.133 1 1
2 8.140 0 1
2 8.141 1 1
2 8.149 1 1
2 8.153 0 1
2 8.160 0 1
2 8.161 1 1
2 8.167 0 1
2 8.169 1 1
2 8.176 1 1
2 8.177 0 1
2 8.188 1 1
2 8.190 0 1
2 8.195 0 1
2 8.197 1 1
2 8.202 0 1
2 8.213 1 1
2 8.216 0 1
2 8.224 1 1
2 8.224 0 1
2 8.232 1 1
2 8.232 0 1
2 8.239 1 1
2 8.244 0 1
2 8.249 1 1
2 8.251 0 1
2 8.258 1 1
2 8.261 0 1
2 8.266 1 1
2 8.275 0 1
2 8.278 1 1
2 8.284 0 1
2 8.286 1 1
2 8.294 0 1
2 8.296 1 1
2 8.305 1 1
2 8.312 0 1
2 8.316 1 1
2 8.319 0 1
2 8.325 1 1
2 8.328 0 1
2 8.333 0 1
2 8.336 1 1
2 8.346 1 1
2 8.347 0 1
2 8.355 0 1
2 8.356 1 1
2 8.362 0 1
2 8.364 1 1
2 8.370 0 1
2 8.371 1 1
2 8.379 0 1
2 8.381 1 1
2 8.388 0 1
2 8.392 1 1
2 8.394 0 1
2 8.401 1 1
2 8.405 0 1
2 8.412 1 1
2 8.416 1 1
2 8.420 0 1
2 8.425 1 1
2 8.435 0 1
2 8.436 1 1
2 8.449 0 1
2 8.453 1 1
2 8.462 0 1
2 8.465 1 1
2 8.473 0 1
2 8.474 1 1
2 8.480 0 1
2 8.492 1 1
2 8.492 0 1
2 8.503 1 1
2 8.508 0 1
2 8.514 1 1
2 8.519 0 1
2 8.524 1 1
2 8.530 0 1
2 8.537 1 1
2 8.544 0 1
2 8.548 1 1
2 8.553 1 1
2 8.561 0 1
2 8.563 1 1
2 8.571 0 1
2 8.574 1 1
2 8.581 1 1
2 8.581 0 1
2 8.592 1 1
2 8.593 0 1
2 8.602 1 1
2 8.604 0 1
2 8.613 1 1
2 8.616 0 1
2 8.624 1 1
2 8.627 0 1
2 8.633 0 1
2 8.634 1 1
2 8.644 0 1
2 8.646 1 1
2 8.654 0 1
2 8.662 0 1
2 8.664 1 1
2 8.671 0 1
2 8.674 1 1
2 8.683 0 1
2 8.685 1 1
2 8.694 0 1
2 8.695 1 1
2 8.702 0 1
2 8.708 1 1
2 8.718 1 1
2 8.718 0 1
2 8.726 0 1
2 8.730 1 1
2 8.733 0 1
2 8.739 1 1
2 8.745 1 1
2 8.747 0 1
2 8.753 1 1
2 8.758 0 1
2 8.762 1 1
2 8.771 0 1
2 8.775 1 1
2 8.778 0 1
2 8.787 1 1
2 8.787 0 1
2 8.795 1 1
2 8.796 0 1
2 8.803 1 1
2 8.804 0 1
2 8.811 1 1
2 8.818 0 1
2 8.820 1 1
2 8.829 0 1
2 8.836 1 1
2 8.842 0 1
2 8.848 1 1
2 8.848 0 1
2 8.860 1 1
2 8.861 0 1
2 8.872 0 1
2 8.875 1 1
2 8.884 0 1
2 8.885 1 1
2 8.891 1 1
2 8.894 0 1
2 8.901 0 1
2 8.903 1 1
2 8.911 0 1
2 8.913 1 1
2 8.920 1 1
2 8.923 1 1
2 8.923 0 1
2 8.930 1 1
2 8.930 0 1
2 8.937 1 1
2 8.945 1 1
2 8.946 0 1
2 8.955 1 1
2 8.962 0 1
2 8.966 1 1
2 8.973 1 1
2 8.979 1 1
2 8.981 0 1
2 8.987 1 1
2 8.991 0 1
2 8.999 1 1
1 9.000 -1 -1
2 9.002 0 1
2 9.005 0 1
2 9.015 1 1
2 9.017 0 1
2 9.021 1 1
2 9.028 0 1
2 9.031 1 1
2 9.040 0 1
2 9.041 1 1
2 9.049 0 1
2 9.052 0 1
2 9.060 1 1
2 9.064 0 1
2 9.069 1 1
2 9.074 0 1
2 9.080 0 1
2 9.082 1 1
2 9.091 1 1
2 9.091 0 1
2 9.103 0 1
2 9.107 1 1
2 9.116 0 1
2 9.119 1 1
2 9.125 0 1
2 9.128 1 1
2 9.134 0 1
2 9.138 1 1
2 9.145 0 1
2 9.150 1 1
2 9.154 0 1
2 9.160 1 1
2 9.161 0 1
2 9.168 1 1
2 9.174 0 1
2 9.182 1 1
2 9.182 0 1
2 9.191 1 1
2 9.192 0 1
2 9.197 1 1
2 9.201 0 1
2 9.206 1 1
2 9.213 0 1
2 9.221 1 1
2 9.224 0 1
2 9.230 1 1
2 9.236 0 1
2 9.244 1 1
2 9.248 0 1
2 9.253 1 1
2 9.263 0 1
2 9.265 1 1
2 9.271 0 1
2 9.274 1 1
2 9.282 1 1
2 9.283 0 1
2 9.289 1 1
2 9.294 0 1
2 9.302 1 1
2 9.306 0 1
2 9.307 1 1
2 9.315 1 1
2 9.316 0 1
2 9.323 1 1
2 9.328 0 1
2 9.335 1 1
2 9.342 1 1
2 9.342 0 1
2 9.347 0 1
2 9.350 1 1
2 9.355 1 1
2 9.360 0 1
2 9.367 1 1
2 9.369 0 1
2 9.378 1 1
2 9.380 0 1
2 9.389 1 1
2 9.396 0 1
2 9.402 1 1
2 9.407 0 1
2 9.416 1 1
2 9.421 0 1
2 9.424 1 1
2 9.429 0 1
2 9.433 1 1
2 9.437 0 1
2 9.440 1 1
2 9.444 1 1
2 9.449 1 1
2 9.452 0 1
2 9.460 1 1
2 9.462 0 1
2 9.471 1 1
2 9.475 0 1
2 9.480 1 1
2 9.482 0 1
2 9.486 0 1
2 9.488 1 1
2 9.497 1 1
2 9.499 0 1
2 9.506 0 1
2 9.507 1 1
2 9.517 0 1
2 9.520 1 1
2 9.528 0 1
2 9.530 1 1
2 9.539 0 1
2 9.544 1 1
2 9.549 0 1
2 9.551 1 1
2 9.559 0 1
2 9.562 1 1
2 9.573 0 1
2 9.576 1 1
2 9.581 0 1
2 9.587 1 1
2 9.593 1 1
2 9.595 0 1
2 9.599 1 1
2 9.603 0 1
2 9.608 1 1
2 9.617 1 1
2 9.618 0 1
2 9.621 1 1
2 9.632 1 1
2 9.633 0 1
2 9.642 1 1
2 9.647 0 1
2 9.651 1 1
2 9.651 0 1
2 9.663 0 1
2 9.666 1 1
2 9.676 0 1
2 9.681 1 1
2 9.688 0 1
2 9.690 1 1
2 9.699 0 1
2 9.700 1 1
2 9.708 0 1
2 9.715 1 1
2 9.722 1 1
2 9.724 0 1
2 9.734 1 1
2 9.737 0 1
2 9.741 0 1
2 9.743 1 1
2 9.745 0 1
2 9.749 1 1
2 9.755 1 1
2 9.756 0 1
2 9.759 0 1
2 9.763 1 1
2 9.771 0 1
2 9.772 1 1
2 9.784 0 1
2 9.785 1 1
2 9.794 0 1
2 9.796 1 1
2 9.805 0 1
2 9.809 1 1
2 9.811 0 1
2 9.823 1 1
2 9.827 0 1
2 9.829 1 1
2 9.836 0 1
2 9.840 1 1
2 9.841 0 1
2 9.846 1 1
2 9.847 0 1
2 9.855 0 1
2 9.856 1 1
2 9.864 0 1
2 9.867 1 1
2 9.877 1 1
2 9.882 0 1
2 9.886 1 1
2 9.890 0 1
2 9.892 1 1
2 9.898 0 1
2 9.902 1 1
2 9.907 1 1
2 9.907 0 1
2 9.921 1 1
2 9.921 0 1
2 9.931 1 1
2 9.932 0 1
2 9.939 1 1
2 9.947 0 1
2 9.951 1 1
2 9.952 0 1
2 9.961 0 1
2 9.963 1 1
2 9.969 0 1
2 9.973 1 1
2 9.981 0 1
2 9.984 1 1
2 9.990 0 1
2 9.996 0 1
2 9.997 1 1
1 10.000 -1 -1
