7.08249882579985
5.703638064752812
2.2294996292679397
3.313351725260416
7.21062037037037
3.4320240674430944
5.095764413339121
2.1148200412326394
3.5441491970486103
2.566360975477431
4.522643911210317
2.6857624843267747
5.654784311445933
3.4244226151723707
3.3079784656773596
5.3319487666377325
4.993775246379657
3.5392069769965278
3.208255145037616
4.948405502507715
3.8397015878182867
5.2330954740547835
3.19938560655382
3.4806650933159724
5.236520751953124
5.51981068250868
5.362022219810957
4.892031063988096
3.1137797309027784
5.558948265438987
5.359786675347223
4.148632310009508
3.205755642361111
2.6712802282262738
4.053446478949652
3.4989405020254627
3.4131001286582343
5.14968128797743
5.131638617621527
3.6494351128472218
2.9217739180307536
1.9869450412326388
3.2048187934027776
4.2151172327112265
6.232209635416665
2.4257819552951383
4.7210008680555555
3.6599573477285876
3.7349535047743054
2.9326587185329864
5.672581000434028
6.200397627573163
4.601513020833333
3.0951300998263886
5.6556654459635425
3.5628137284536203
3.578395200376158
5.268595889136906
5.162418937562005
5.237527153862849
7.017875878820133
5.086383083767361
7.28536244032118
2.440685329861111
4.0631601756262405
7.4941452486014635
4.3991892283606155
3.466567220052083
4.178327799479167
2.5973192274305554
5.710765240058696
4.765972249348959
4.35251806640625
2.997165961371528
3.754389359085648
5.882014548972801
4.942013237847222
4.908554895471644
3.2038805067274314
2.7897956271701387
4.117198187934027
1.9392670898437498
3.7397499638310183
2.85911369202629
6.82314523654514
4.435577871817128
3.805776734044311
5.502565086082175
3.251068142361111
2.6615770399305547
4.069295952690973
2.600645453559028
4.516308717757936
2.951613389756945
3.218373372395832
5.377693938078705
2.051280490451389
7.369877143012153
2.1231343858506952
4.06015517424681
3.173346684854497
4.271563650948659
4.440521848648313
3.7962639431423617
3.401053548177082
3.84595068359375
7.444641366464122
2.5881065357349535
4.38245558449074
5.395806500685489
4.444909242983218
3.30714685639881
5.1317647569444444
3.359094685226521
4.13616539171007
3.715400553385417
3.2157481631324405
5.5734178602430555
4.600533745659723
5.411025592137897
4.150953531901042
7.2328288031684025
3.2039632109788356
4.886683060257523
2.612344726562501
2.432319281684028
3.68364599609375
6.125876059234458
3.063032615379051
4.111196425987931
6.240010552300347
2.443134928385417
1.7526252170138883
5.410345970517113
2.771696668836806
4.951725513599537
2.8525693630642364
5.990685674758185
4.34958154296875
3.939146565755208
4.42449705222801
7.3070210292486495
3.9938585340711814
3.8521227575231487
4.873016341490299
4.826137315538195
3.153093641493056
4.87412144639757
3.583692563657406
4.806166612413195
3.602241780598958
3.8392494755497686
6.368889536055306
1.8252454310825894
4.930376265914353
5.965482966993221
4.992484468005952
5.133584147135417
3.7831796099950403
3.179034438037368
5.204869954427083
3.75918161995701
4.9297289599867735
6.011925004908644
2.2374322735821757
5.747613778573495
5.0279033952339605
3.9770433485243064
4.123956325954862
4.709756739056299
3.118808756510416
4.672761167173032
6.743173713159309
4.415396891276042
5.117607313368055
3.0318122287326394
5.237922526041667
6.21823597547743
3.3284096679687507
3.2615132921006946
8.961174315545085
2.7121873914930554
4.046549153645833
5.83298513713211
2.6080159233940967
4.363017954024057
6.997269495081018
5.726855269820603
4.616887776692708
5.366551405164932
7.94629519314236
7.48295151935557
5.483664661871694
6.902574548146081
6.816683131303734
6.243030490451389
5.218934521226026
4.724840205439815
5.186461299189815
7.8249946017795144
8.154794257915842
6.987373887803819
7.823082166883681
6.891293302882494
9.01182020097897
7.953702525197721
7.053832033833498
5.056974084924769
7.268082903180805
5.8272315025800525
3.123480251736112
2.2083660094246036
3.1378579411582335
5.691636402271412
4.075567374200837
3.168827148437501
6.122554551866319
5.582084174262153
2.562492244336971
5.282282235604745
4.743225576464671
4.025902398003473
6.467099785052911
4.663743710472471
3.2556209490740744
3.6164395073784714
6.752545806723296
6.11051470527447
3.6530393518518514
4.868034333405672
4.67760622829861
5.348872911241319
3.3442257784081515
7.055956154152199
4.641932019107556
6.5076914402660675
7.822865411344661
5.739201325593172
7.755570954499422
5.445693108775629
4.91366763935392
5.033483687789351
7.532413236641592
5.871228764932621
8.430681269892936
5.610572148936976
5.537595724223573
5.16267748119213
5.502318910951968
3.347009702329282
4.243476499204283
6.063310212311921
6.477189154730905
5.68126962942295
7.041130779286541
5.953163079909336
7.705885753813245
6.271905006045387
6.33101560691551
9.2817294921875
5.70149969428599
7.773246283637153
4.541211319857805
7.733926305700231
8.950158115716626
5.902822523974867
5.236717162440063
5.961325859271661
4.479524842062115
4.86733152488426
3.2509151023582175
4.525594683934772
2.839723099320023
4.547765817470652
5.681390386456957
5.196209291811341
4.393174972614914
5.191740484974371
6.818275244657325
7.315206241991153
6.606365724809164
4.646053571428573
5.482003698278358
4.940655483992641
6.069258750310021
5.777628188037368
5.456626025648976
7.002871166087961
8.198046450014468
5.618084177276235
5.719899673273534
4.88396134440104
5.258808433573082
4.8214883204330645
5.725251821366566
5.933040165653934
6.952032497829862
9.11746431671627
4.692869570777529
5.225333266162369
6.9574827112268505
4.923414404382991
5.944192774212548
5.740593002507714
4.863828106915509
5.548897325303819
5.101951085327795
4.552357340494793
7.173854148582176
6.302531177662036
6.101950062692901
5.7160070619936345
6.763932060443535
6.59349267836475
5.12890640630167
5.4324339799830526
5.594657610212052
7.33575623010706
7.274575760863848
5.262230116102432
5.334086224268354
7.329844399319334
6.872405849988287
6.192938937717013
4.187052309389468
6.558608395423421
7.126840576171876
5.679400091369737
5.317169345754795
6.046263254639963
6.27840028814622
9.594914806312755
2.4488707798549103
6.215557371755124
7.522306299172594
8.267492186208251
8.492678198113014
7.770567647621113
5.948024974681712
6.669464461392195
6.384965711805555
4.804153582537616
7.618881290388695
7.342633019179893
6.630084707754629
5.699349437572337
4.242295979817708
3.6875152090567127
7.205354166666668
6.426849586123511
5.707129224020338
7.6947772262008085
7.528067565810324
6.718890795510914
5.079202410662614
4.9996189391121035
5.960718101972416
7.929700638382524
7.130022208615795
5.965858446232224
6.162621419270834
7.211722620081016
6.822790102358218
7.002981029369213
6.397641583478007
7.531906720196758
6.226693413628472
6.555889170098805
6.114268625733711
7.248367751133295
6.766684470025781
5.120841218171297
7.965318495008682
3.8137186957465286
6.756904782572751
4.19642941623264
6.212972710503473
6.515058598956141
7.956983816103117
5.498529456621336
6.54358568431713
9.299454101562498
6.510599540912285
6.4104102086245645
5.21932393241223
8.828094692546436
6.6705664527529756
7.373795341693533
6.228510904947917
8.739590594256365
6.498150887948495
8.165479543857474
5.651198619808891
7.339112786940585
7.96254478624132
5.649769549334492
7.6279706738453505
5.938968843005954
4.824968647951802
7.8855081711757355
7.89023737021442
4.304326967592592
5.114404324001736
5.283088089554399
5.665144076554232
5.471789448733052
8.515605812355322
6.497066596489447
7.632209861472802
6.080755265600889
4.828742612485531
6.623877819888806
7.9766039599867735
7.022073838114529
8.295709707754629
6.214378876539765
9.184140165567818
6.863310459897212
5.924372043185766
4.40389228618965
7.704585188285383
5.705819390190972
4.661593846450619
5.557650767815807
8.607914252387154
5.611468306929976
7.015932689525463
6.3938335445930665
6.602219220196759
6.540300636574073
5.655325416201638
6.734687671567801
7.462911643053488
7.777854750106785
7.0028392598792975
6.641304777922454
7.976978696469907
5.957875370732061
5.760524393394509
6.864843938595404
7.042920325761959
8.163264398268712
6.00883572177786
5.067313214337385
6.966393768687308
6.347225478722304
8.274293224946954
6.7876472650221835
4.754526026165674
5.674336100260419
5.638080119460978
8.025608193479934
7.260481378141533
6.7395923704117076
6.052181178178736
6.147436324508101
6.707792257426697
5.993278377149472
4.370190456814237
8.92804196764426
7.0531356517650465
4.478815499441963
3.769133386036706
4.904980043764469
4.994707407149057
4.778840527085402
5.088895697699652
4.397762975622109
5.422462697723766
4.374136420355903
4.812869532025051
6.357127652391974
4.673836064091436
6.091839174623843
3.5153926323784725
5.602669362547537
5.712834819275654
5.983881320529514
5.1668884548611125
5.173029269748264
3.511130805121529
4.866819281684028
3.6577183263062167
5.088036393745867
4.974688597125772
4.443603058345734
4.231488968460649
5.176751962167246
5.995891607590664
3.280118973989335
3.895063542441717
4.725389328083663
5.471604244171626
4.056823537410939
4.571520990926753
4.24859847909433
4.124856933593751
3.894729076244213
3.38758793066923
