3.1648522729621353
6.256310772617983
3.5900234164014275
3.1035139992747425
5.4457155206266545
5.621107792607059
5.116703993055555
5.1170184342025165
3.885363118489583
4.753307357545882
4.576908619068288
6.122511254777123
5.3017734375
3.0088773484002984
3.2202371729290684
3.933024126002397
5.535302535445601
3.977097547743056
6.081454737103176
5.829795581958912
5.4021077745225705
7.574220359519675
5.57789490198206
4.851706880115328
4.75923683449074
3.282185221354167
3.6527678933118386
4.271460052651703
6.189152629226602
3.267686303840111
3.0184028049045133
2.709755931712964
4.015710250289351
3.8548405671296297
2.8313846054480827
5.217565646701388
3.7217755146329363
4.806877914186509
5.874674011122823
5.149345594618056
5.085127019004217
5.738798428974454
4.593627504701967
6.093164233480639
7.266009835340321
6.209278049045141
4.504450300296491
4.03074052889385
2.1895204630318563
5.188404477719907
5.532409469039352
5.385722028890405
4.51619720749628
5.698158649209105
5.600204964137906
5.16348744419643
4.086146790519595
4.3971483289930555
4.666369203920716
4.6660352544229475
4.009122468171297
3.79950590071098
4.872705105251733
4.632925283926505
4.079611273871529
5.18415869140625
3.881420841169946
4.809488226996529
4.7476031539351835
5.008754847504685
4.983883548797124
4.596121969556052
4.3372783629402285
5.421401891637732
2.6702847583912033
6.160339985411844
5.5776685591185915
4.135148980034722
3.0040985243055562
5.363970070167824
2.5217377387152786
6.112913419208831
4.268097693710731
4.8937970468026615
5.929554832175925
3.829985695167824
3.513404899456495
3.5081750252243418
5.738451678240741
5.521288788218558
4.035009986514137
4.846409706721229
5.078075931844485
4.347847294560185
5.186536349826388
4.568859018477184
5.567336304356812
4.573261687748017
3.576954047309028
4.36878286985367
4.728451678240741
4.626905260520007
4.87731529405382
5.532961046006944
6.04932253689236
6.596229636863427
6.856600414134838
4.133315302391473
5.475047453703705
6.573415911854469
5.547370035807292
4.894892611710482
3.007039822048611
3.6902509042245373
4.288935935691551
4.603214868293237
3.8066528591579862
4.740833902994792
4.406442626953126
7.014201325593171
4.316381378658234
5.744130705656829
4.075380770244296
3.3164501966042486
6.261270992218503
8.124424934449593
3.482079430097416
5.993582648706184
5.392196343315971
4.726289128379217
6.965960365255044
4.240639656187997
5.541630008112187
6.162552698206021
4.53233651706487
4.335714323605601
4.314429114824461
5.467051893446179
4.658291605954447
7.167903672960067
7.1033683927021345
6.696458954664766
5.241659653759506
7.97304841993221
4.548630855499752
6.163652299830524
6.010232910156251
3.1687561952298284
5.579388454861111
5.317595892150987
3.705101888020833
6.507285590277778
6.196551540798612
5.3595214361496915
6.311259065066273
5.723357589371831
4.036751393797537
5.467657497829862
6.906223136780751
5.782638528490825
5.685640037254049
8.226072362075618
4.722223896329364
4.2898012139860295
4.0778841727120545
4.318053276909722
4.178983168506118
3.095818925161211
2.9589287600239746
6.506013579260487
7.166295961733218
5.150336850766782
3.572422987196179
4.963957217261906
5.874351181433945
5.394977436583719
4.892265519507138
4.360584201388888
4.317766908998845
6.207287721664187
5.654705421730323
5.244537735873431
5.520845126143629
5.92612626031677
6.374239940286735
8.074568195322833
4.4752346733940955
9.303464724909057
8.036343523943867
6.2792018831983025
6.472447508904458
7.7937494135457985
4.322464152664104
4.372071545259452
6.078719522466104
6.516003671151621
6.910302955264137
1.9836280653211813
5.557676099881503
7.1747724747161605
5.041666155133929
5.600299067098629
7.064217095699682
7.968291197761654
6.283594304591048
7.9849039984809025
7.933478240912974
5.0049678690269515
7.179394009383265
5.484755834831761
6.56057899391672
7.064303955078126
6.563102186845512
5.485061947131284
5.645039483610284
9.941056805107753
9.188206474075454
5.655916594328703
5.205444104714369
6.290909136629188
5.18973270821277
4.627499755859375
4.435492724006559
6.217957151382688
8.283307880704363
3.289265109592014
5.525193724940063
8.27019996193645
4.059084846402391
8.224413314577133
7.1651722689835475
6.58410382435309
3.566018235625414
6.259355661651233
5.830463028842179
7.402684992714533
5.537085698526375
6.197499016978755
3.968422665550596
4.691831488715277
4.043359176070601
3.918033141121032
6.355976951316551
6.4960132688492065
5.1903833408254805
4.905067666997354
4.165527822989004
3.6712615921585643
9.33126068405878
4.7096684587535815
4.104816415292245
4.554154131531085
5.183488822492972
6.280950857979909
4.647680691189238
6.637181115744186
6.864717185691551
6.072094753689235
2.8799533691406256
6.59992670958719
7.708685663563023
8.005523353536294
6.405868444372108
7.197490125868056
4.649551650127576
4.068897135416667
5.881320556640624
4.767049406828705
5.708744793389
6.6916227743158885
4.048677784753225
4.937400680838017
7.169363511181384
3.943281132529098
3.7322084758563445
4.590885120856068
5.08029579036114
6.664478599588708
5.232898030168375
8.784719041504765
5.958083600725447
4.854005031363673
6.873169080085014
8.140217770854003
5.76364133029514
6.373854374638309
4.94086939380787
5.319776346519511
5.739462388134506
7.029534756238288
5.66496592279128
6.220665949745783
5.1183501338252295
4.098891447844329
7.491981391333035
4.884862891141699
5.381462196955606
4.825300111262676
4.84627439597801
4.384792617394179
3.540157058635086
6.969276867094495
3.0798205768780313
3.8063586955398483
6.881432895774774
2.669389990163916
5.46518526182898
6.793595049499836
6.897639516679067
6.584644798211531
4.175248787673675
4.449570079123952
8.71704617745536
4.218155531787368
7.001439035889963
3.909045340401786
3.6028926840484465
6.8786207036417
5.411630615234374
3.7748039219232257
4.764239924433446
7.641070734471451
7.538147667186809
6.536352340133102
6.055538943580773
4.340624219783398
4.3200507218295305
5.098089822220843
6.807496446828151
6.803667055913802
2.9242340766059027
4.020284270109954
8.938013702015816
4.73988438600727
6.584242482880015
3.69827654286541
7.282696700269373
6.024055080191798
3.5411418129788084
4.27066646644552
8.2201000020668
5.998215443121692
6.018609743148561
8.767704452918322
5.349145018239501
5.285748350436096
6.262661065210953
4.097947391433557
6.420681326455902
8.759431013695988
8.202698243909833
6.9221604852155
6.560889043468226
6.240309032944776
5.994042715997713
8.108777334707755
6.191060863353589
7.276193904923803
7.985004390890868
6.911056228126378
11.433365804897624
6.463006748098546
5.508304070043817
8.774262483269887
8.472962992242612
5.675044431010253
3.5314549002941735
5.798456365137925
5.4297163654307194
4.669510275435406
4.454516759155919
7.901510296964561
5.286577847273893
6.212591644448579
3.2310404730902778
9.490144033495922
5.7836827894207445
7.285942338893021
5.315013776076114
7.591941642640127
6.3033918702463625
7.301886519390016
8.576354544718638
8.825956718216078
7.135011181382276
6.380000324229085
10.036853248232887
6.820389289331184
9.395590048707565
6.7555147203448795
4.382302092375578
7.959347534394977
5.669906444192984
8.421646874835595
6.761948353277946
9.207542400810874
10.9982630548494
8.24214228360615
10.36878529188368
7.271546050863922
9.28916259464217
7.729999226242144
8.490752329024058
9.297209331855573
9.747238138844418
8.833193033423582
11.964044464165147
11.190810317804784
6.742119096705523
9.713065296637318
9.054523485725305
10.734494998346559
8.603617571149552
11.857314891458614
9.6100059282683
8.976623669928763
7.305995261863426
10.530601256785989
8.969774535056354
9.060247829861112
5.431612987161735
9.61461549272487
8.385492487185846
10.536100481305803
9.574381516014247
9.70148160490226
9.889633997034144
11.397565822379297
8.635693989318092
9.533506842396244
10.528801053378528
10.92353318116526
6.596256343781005
9.07968354423294
7.717429310309195
10.15293250265239
7.9804997037588175
9.708026408523482
10.099956129178379
8.812322949821569
9.616003574270419
10.562883192274306
10.578372795414461
9.56637768640804
8.603702901957949
8.472255813302606
9.09748542174755
9.67753873439567
10.196131194799243
8.760447415898504
10.102873523530508
8.811197793089313
9.698539736793157
8.482110205947121
12.514805821225337
9.252719923769568
10.058560202408508
9.66296857690559
7.455309159966794
9.450565705691279
10.919130361190337
8.440875271267362
8.634507926604524
8.926363102558005
10.076893365661514
9.355556357731894
8.915765989273313
9.181224805720895
9.671994513940561
7.975131365740741
9.566551824983465
8.537613507306133
7.6724686505353015
8.424463197630761
8.732043161220652
9.281554072627314
10.436936867473412
7.92973935856895
10.474475501543209
10.392428599847058
9.70617281281002
9.811193691785162
10.45204282105999
10.426101286496223
7.674443767567793
10.543926210971948
9.784652677882496
7.5916802248677255
8.562946617166833
8.923158746090301
10.711093387449015
10.051331562344988
9.018048015184082
10.736858092292906
9.725779791614997
9.666951621403772
10.629157005673363
10.188266120601163
8.964750093005952
